#52.73101907171518
3450  1.65315e-15  1.13895e-14
3480  1.8317e-15   8.25304e-15
3510  2.1869e-15   7.71007e-15
3540  2.4448e-15   7.44998e-15
3570  2.48663e-15  6.08967e-15
3600  2.51421e-15  7.97521e-15
3630  2.8608e-15   8.14755e-15
3660  3.57575e-15  3.98977e-15
3690  3.98166e-15  3.28007e-15
3720  3.49813e-15  5.11893e-15
3750  2.42039e-15  4.91508e-15
3780  1.7708e-15   4.9649e-15
3810  2.28429e-15  5.64547e-15
3840  3.67389e-15  6.24087e-15
3870  5.09351e-15  5.94866e-15
3900  6.00208e-15  5.16954e-15
3930  6.34105e-15  5.56535e-15
3960  6.0957e-15   5.2011e-15
3990  5.43558e-15  4.66382e-15
4020  4.62978e-15  4.54484e-15
4050  4.08265e-15  4.77165e-15
4080  3.97821e-15  6.17803e-15
4110  4.21175e-15  6.03078e-15
4140  4.53117e-15  5.02189e-15
4170  4.72389e-15  7.23486e-15
4200  4.76788e-15  6.09274e-15
4230  4.94781e-15  4.70363e-15
4260  5.37394e-15  3.54299e-15
4290  5.64515e-15  4.76201e-15
4320  5.1994e-15   4.21334e-15
4350  4.14895e-15  4.1573e-15
4380  3.26637e-15  4.46303e-15
4410  3.16962e-15  3.22799e-15
4440  3.80222e-15  3.01144e-15
4470  4.80622e-15  3.25869e-15
4500  6.12443e-15  4.24929e-15
4530  7.87422e-15  4.52731e-15
4560  9.73467e-15  4.34857e-15
4590  1.08871e-14  4.38705e-15
4620  1.0681e-14   4.32379e-15
4650  9.22405e-15  3.65106e-15
4680  7.25889e-15  2.85577e-15
4710  5.67205e-15  2.64614e-15
4740  5.03461e-15  2.71828e-15
4770  5.12544e-15  3.10269e-15
4800  5.184e-15    3.49998e-15
4830  5.13792e-15  3.04967e-15
4860  5.78027e-15  2.16219e-15
4890  7.15328e-15  1.82753e-15
4920  7.89902e-15  1.92977e-15
4950  7.03207e-15  2.06917e-15
4980  5.4681e-15   2.34537e-15
5010  4.69238e-15  2.57864e-15
5040  4.83353e-15  2.39553e-15
5070  5.02474e-15  2.35068e-15
5100  4.92433e-15  2.41835e-15
5130  4.99061e-15  2.46807e-15
5160  5.57932e-15  2.8906e-15
5190  6.50203e-15  3.79653e-15
5220  7.40965e-15  3.91341e-15
5250  8.17823e-15  2.81036e-15
5280  8.9032e-15   2.09372e-15
5310  9.53837e-15  2.15324e-15
5340  9.80736e-15  2.46178e-15
5370  9.60057e-15  2.85248e-15
5400  9.28138e-15  2.23374e-15
5430  9.57944e-15  1.81415e-15
5460  1.06288e-14  1.79302e-15
5490  1.16933e-14  1.68365e-15
5520  1.19625e-14  1.64754e-15
5550  1.12079e-14  1.39688e-15
5580  9.85244e-15  1.29644e-15
5610  8.43513e-15  1.41141e-15
5640  7.36337e-15  1.66568e-15
5670  6.92634e-15  1.88122e-15
5700  7.33755e-15  1.95479e-15
5730  8.58614e-15  1.53404e-15
5760  1.02401e-14  1.24073e-15
5790  1.14149e-14  1.36425e-15
5820  1.14325e-14  1.70441e-15
5850  1.05454e-14  1.88158e-15
5880  9.5538e-15   1.69782e-15
5910  8.7549e-15   1.3557e-15
5940  7.86842e-15  1.80912e-15
5970  6.85209e-15  2.15379e-15
6000  6.19072e-15  2.39814e-15
6030  6.07394e-15  2.67222e-15
6060  6.17303e-15  2.5869e-15
6090  6.31824e-15  1.72919e-15
6120  6.67522e-15  1.1044e-15
6150  7.22492e-15  1.6452e-15
6180  7.35794e-15  1.499e-15
6210  6.76347e-15  1.20776e-15
6240  5.83241e-15  1.46762e-15
6270  5.25252e-15  1.73743e-15
6300  5.37212e-15  1.89845e-15
6330  6.04831e-15  2.03449e-15
6360  6.96258e-15  2.15113e-15
6390  7.88282e-15  2.24759e-15
6420  8.72482e-15  2.32277e-15
6450  9.50483e-15  2.35202e-15
6480  1.01473e-14  2.29877e-15
6510  1.02988e-14  2.21556e-15
6540  9.58292e-15  2.142e-15
6570  8.16792e-15  2.0535e-15
6600  6.72042e-15  1.98143e-15
6630  5.67993e-15  1.9783e-15
6660  4.96325e-15  2.004e-15
6690  4.38572e-15  1.98273e-15
6720  3.94299e-15  1.92352e-15
6750  3.66037e-15  1.78333e-15
6780  3.49609e-15  1.77691e-15
6810  3.4976e-15   2.22793e-15
6840  3.64469e-15  2.19979e-15
6870  3.85738e-15  1.94285e-15
6900  3.95384e-15  1.8786e-15
6930  3.90803e-15  1.9858e-15
6960  3.82668e-15  2.12765e-15
6990  3.79749e-15  2.12008e-15
7020  3.83786e-15  2.11492e-15
7050  3.93929e-15  2.11541e-15
7080  4.08135e-15  2.09503e-15
7110  4.25742e-15  2.2364e-15
7140  4.50366e-15  2.33518e-15
7170  4.82613e-15  2.31522e-15
7200  5.1376e-15   2.2673e-15
7230  5.31179e-15  2.24153e-15
7260  5.31056e-15  2.19088e-15
7290  5.22747e-15  2.15555e-15
7320  5.18025e-15  2.23744e-15
7350  5.08972e-15  2.06152e-15
7380  5.30969e-15  2.08667e-15
7410  5.53151e-15  2.09206e-15
7440  5.60611e-15  2.09247e-15
7470  5.27532e-15  2.15035e-15
7500  4.62431e-15  4.14201e-17
7530  3.95796e-15  4.21736e-17
7560  3.961e-15    4.34835e-17
7590  4.63142e-15  4.49573e-17
7620  5.48195e-15  4.63402e-17
7650  6.12177e-15  4.71691e-17
7680  6.46016e-15  4.805e-17
7710  6.51433e-15  4.95756e-17
7740  6.31022e-15  5.11225e-17
7770  5.91877e-15  5.13714e-17
7800  5.41207e-15  5.0193e-17
7830  4.80698e-15  4.74728e-17
7860  4.14291e-15  4.34196e-17
7890  3.54993e-15  3.85831e-17
7920  3.14253e-15  3.56251e-17
7950  2.91524e-15  3.45619e-17
7980  2.82724e-15  3.36217e-17
8010  2.86871e-15  3.21025e-17
8040  2.91165e-15  3.14624e-17
8070  2.64651e-15  3.24839e-17
8100  1.90071e-15  3.26936e-17
8130  9.63167e-16  3.18484e-17
8160  3.94866e-16  3.05369e-17
8190  4.92354e-16  2.99568e-17
8220  9.84572e-16  3.06958e-17
8250  1.18399e-15  3.62669e-15
8280  1.18644e-15  3.18857e-17
8310  9.97523e-16  3.44542e-15
8340  1.45403e-15  3.39124e-17
8370  2.27664e-15  3.71333e-17
8400  3.04678e-15  4.0754e-17
8430  3.50304e-15  4.24278e-17
8460  3.73562e-15  4.25213e-17
8490  3.83639e-15  4.23188e-17
8520  3.81996e-15  4.19176e-17
8550  3.80729e-15  4.13339e-17
8580  3.97218e-15  4.10999e-17
8610  4.30988e-15  4.13139e-17
8640  4.63972e-15  4.14894e-17
8670  4.82769e-15  4.13286e-17
8700  4.88269e-15  4.09059e-17
8730  4.84208e-15  4.02621e-17
8760  4.68566e-15  3.93181e-17
8790  4.41333e-15  3.78855e-17
8820  4.12103e-15  3.56425e-17
8850  3.90341e-15  3.29936e-17
8880  3.7237e-15   3.14474e-17
8910  3.48418e-15  3.0909e-17
8940  3.19728e-15  3.05086e-17
8970  2.97433e-15  2.97606e-17
9000  2.86749e-15  2.85336e-17