#-12.934023545892403
3450  3.38998e-14  1.47482e-14
3480  2.55082e-14  9.00105e-15
3510  2.32088e-14  8.43698e-15
3540  1.83543e-14  8.20595e-15
3570  1.19501e-14  6.83721e-15
3600  6.64775e-15  8.72462e-15
3630  7.75422e-15  8.70833e-15
3660  1.14244e-14  4.30277e-15
3690  1.76103e-14  3.54291e-15
3720  2.39618e-14  5.4879e-15
3750  2.82625e-14  5.32302e-15
3780  3.22866e-14  5.39414e-15
3810  3.56026e-14  6.12333e-15
3840  3.74803e-14  6.78358e-15
3870  3.73929e-14  6.52159e-15
3900  3.57213e-14  5.7237e-15
3930  3.52691e-14  6.13245e-15
3960  3.66863e-14  5.73048e-15
3990  3.83019e-14  5.16521e-15
4020  3.78719e-14  5.05671e-15
4050  3.51182e-14  5.30879e-15
4080  3.33186e-14  6.78309e-15
4110  3.10205e-14  6.60896e-15
4140  2.72145e-14  5.53036e-15
4170  2.20956e-14  6.92088e-15
4200  1.91919e-14  5.82819e-15
4230  1.90984e-14  4.49278e-15
4260  2.20943e-14  3.37004e-15
4290  2.53018e-14  4.5439e-15
4320  2.51814e-14  4.00665e-15
4350  2.36729e-14  3.95016e-15
4380  2.38449e-14  4.24749e-15
4410  2.55851e-14  3.06153e-15
4440  2.68159e-14  2.85314e-15
4470  2.63665e-14  3.08709e-15
4500  2.54741e-14  4.03122e-15
4530  2.47692e-14  4.29737e-15
4560  2.3662e-14   4.12671e-15
4590  2.17825e-14  4.16559e-15
4620  1.99669e-14  4.10897e-15
4650  1.93138e-14  3.46763e-15
4680  1.97844e-14  2.70847e-15
4710  2.01712e-14  2.50864e-15
4740  1.93884e-14  2.57716e-15
4770  1.77178e-14  2.94548e-15
4800  1.61171e-14  3.33114e-15
4830  1.50002e-14  2.901e-15
4860  1.45105e-14  2.0498e-15
4890  1.4929e-14   1.73091e-15
4920  1.63845e-14  1.82815e-15
4950  1.85123e-14  1.96148e-15
4980  2.04791e-14  2.22495e-15
5010  2.16193e-14  2.44589e-15
5040  2.20001e-14  2.26956e-15
5070  2.21335e-14  2.22656e-15
5100  2.2122e-14   2.29074e-15
5130  2.1588e-14   2.33766e-15
5160  2.04578e-14  2.73909e-15
5190  1.93493e-14  3.60677e-15
5220  1.87655e-14  3.72278e-15
5250  1.85141e-14  2.66519e-15
5280  1.81701e-14  1.98293e-15
5310  1.75546e-14  2.0394e-15
5340  1.69813e-14  2.33295e-15
5370  1.68523e-14  2.70743e-15
5400  1.67474e-14  2.11653e-15
5430  1.63071e-14  1.71815e-15
5460  1.56482e-14  1.69864e-15
5490  1.53279e-14  1.59643e-15
5520  1.56047e-14  1.5624e-15
5550  1.59018e-14  1.32638e-15
5580  1.56935e-14  1.23206e-15
5610  1.50885e-14  1.34209e-15
5640  1.44974e-14  1.58192e-15
5670  1.40549e-14  1.78357e-15
5700  1.37745e-14  1.8515e-15
5730  1.37461e-14  1.45379e-15
5760  1.39826e-14  1.17823e-15
5790  1.39497e-14  1.29456e-15
5820  1.31166e-14  1.61482e-15
5850  1.17536e-14  1.78212e-15
5880  1.05692e-14  1.60891e-15
5910  9.52793e-15  1.30083e-15
5940  9.27285e-15  1.71619e-15
5970  8.97745e-15  2.03994e-15
6000  9.1032e-15   2.27428e-15
6030  9.78383e-15  2.54242e-15
6060  1.0718e-14   2.46843e-15
6090  1.14789e-14  1.64352e-15
6120  1.21007e-14  1.04595e-15
6150  1.26415e-14  1.55966e-15
6180  1.28232e-14  1.41967e-15
6210  1.27976e-14  1.14477e-15
6240  1.29072e-14  1.39005e-15
6270  1.31048e-14  1.64552e-15
6300  1.31739e-14  1.79842e-15
6330  1.29866e-14  1.9279e-15
6360  1.26086e-14  2.03918e-15
6390  1.21876e-14  2.13148e-15
6420  1.18312e-14  2.2038e-15
6450  1.16316e-14  2.23234e-15
6480  1.16079e-14  2.18171e-15
6510  1.16061e-14  2.10245e-15
6540  1.14345e-14  2.03287e-15
6570  1.11312e-14  1.94936e-15
6600  1.0913e-14   1.88165e-15
6630  1.08321e-14  1.88005e-15
6660  1.07187e-14  1.90613e-15
6690  1.04709e-14  1.88671e-15
6720  1.017e-14    1.83024e-15
6750  9.87045e-15  1.69569e-15
6780  9.5847e-15   1.69037e-15
6810  9.40366e-15  2.11942e-15
6840  9.27531e-15  2.09269e-15
6870  9.14474e-15  1.84596e-15
6900  9.01023e-15  1.78408e-15
6930  8.86013e-15  1.88702e-15
6960  8.77042e-15  2.02339e-15
6990  8.7831e-15   2.01611e-15
7020  8.83873e-15  2.01104e-15
7050  8.72161e-15  2.01149e-15
7080  8.34722e-15  1.99178e-15
7110  7.95678e-15  2.12723e-15
7140  7.7457e-15   2.22206e-15
7170  7.68576e-15  2.20354e-15
7200  7.59684e-15  2.15828e-15
7230  7.41483e-15  2.13379e-15
7260  7.25418e-15  2.08534e-15
7290  7.20879e-15  2.05153e-15
7320  7.23778e-15  2.13011e-15
7350  8.02024e-15  1.65281e-15
7380  7.95341e-15  1.6735e-15
7410  7.94845e-15  1.67867e-15
7440  8.02306e-15  1.68008e-15
7470  8.06778e-15  1.72812e-15
7500  6.51915e-15  4.14201e-17
7530  6.29353e-15  4.21735e-17
7560  6.44444e-15  4.34834e-17
7590  6.79017e-15  4.49572e-17
7620  6.92339e-15  4.63401e-17
7650  6.75285e-15  4.7169e-17
7680  6.40211e-15  4.805e-17
7710  5.86233e-15  4.95755e-17
7740  5.1044e-15   5.11224e-17
7770  4.33555e-15  5.13713e-17
7800  3.84619e-15  5.01929e-17
7830  3.69036e-15  4.74727e-17
7860  3.70099e-15  4.34196e-17
7890  3.76369e-15  3.85831e-17
7920  3.92723e-15  3.5625e-17
7950  4.24835e-15  3.45619e-17
7980  4.6503e-15   3.36216e-17
8010  4.99047e-15  3.21025e-17
8040  5.20321e-15  3.14623e-17
8070  5.31888e-15  3.24838e-17
8100  5.39143e-15  3.26936e-17
8130  5.46499e-15  3.18483e-17
8160  5.56586e-15  3.05369e-17
8190  5.67118e-15  2.99567e-17
8220  5.72576e-15  3.06958e-17
8250  7.38337e-15  3.59588e-15
8280  5.73414e-15  3.18857e-17
8310  7.3485e-15   3.41658e-15
8340  5.85351e-15  3.39124e-17
8370  5.89693e-15  3.71332e-17
8400  5.89754e-15  4.07539e-17
8430  5.83525e-15  4.24277e-17
8460  5.72937e-15  4.25213e-17
8490  5.6718e-15   4.23187e-17
8520  5.70581e-15  4.19175e-17
8550  5.71424e-15  4.13338e-17
8580  5.57848e-15  4.10998e-17
8610  5.40928e-15  4.13139e-17
8640  5.43105e-15  4.14894e-17
8670  5.63124e-15  4.13286e-17
8700  5.73752e-15  4.09058e-17
8730  5.61475e-15  4.02621e-17
8760  5.46093e-15  3.9318e-17
8790  5.46998e-15  3.78854e-17
8820  5.51104e-15  3.56424e-17
8850  5.36168e-15  3.29936e-17
8880  5.1064e-15   3.14474e-17
8910  5.02637e-15  3.0909e-17
8940  5.1687e-15   3.05085e-17
8970  5.30779e-15  2.97606e-17
9000  5.30797e-15  2.85336e-17