#-8.271135705706548
3000  5.82647e-15  7.75279e-16
3030  6.84725e-15  9.12279e-16
3060  7.67279e-15  6.82231e-16
3090  7.51817e-15  1.26354e-15
3120  6.0388e-15   1.63745e-15
3150  4.6988e-15   1.31833e-15
3180  3.95944e-15  1.21275e-17
3210  3.30357e-15  3.98856e-16
3240  3.0477e-15   4.22444e-16
3270  2.97175e-15  7.14912e-16
3300  3.15225e-15  7.03188e-16
3330  3.46533e-15  4.05885e-16
3360  3.86694e-15  4.15144e-16
3390  4.73977e-15  8.6369e-16
3420  6.04956e-15  7.13511e-16
3450  7.3179e-15   1.90109e-16
3480  6.92994e-15  1.1141e-15
3510  6.71625e-15  9.17722e-16
3540  6.91814e-15  8.53403e-16
3570  7.46951e-15  8.66832e-16
3600  7.47362e-15  7.51066e-16
3630  6.67832e-15  8.06137e-16
3660  5.55599e-15  8.0902e-16
3690  4.96657e-15  6.94782e-16
3720  5.19892e-15  7.43786e-16
3750  5.82339e-15  7.87637e-16
3780  6.31263e-15  7.11484e-16
3810  6.50004e-15  6.58475e-16
3840  6.54324e-15  7.41782e-16
3870  6.78267e-15  7.38368e-16
3900  7.22263e-15  4.8809e-16
3930  7.53697e-15  5.87171e-16
3960  7.58634e-15  6.75741e-16
3990  7.5674e-15   5.41919e-16
4020  7.58615e-15  4.93592e-16
4050  7.52912e-15  4.74852e-16
4080  7.17139e-15  5.84774e-16
4110  6.58633e-15  6.94212e-16
4140  6.04545e-15  7.37263e-16
4170  5.51729e-15  6.8451e-16
4200  4.96665e-15  5.77013e-16
4230  4.45259e-15  5.71178e-16
4260  4.31127e-15  5.3919e-16
4290  4.73391e-15  4.09575e-16
4320  5.25585e-15  3.32878e-16
4350  5.39627e-15  3.99272e-16
4380  5.2391e-15   4.27949e-16
4410  5.12971e-15  6.39263e-16
4440  5.11366e-15  6.81543e-16
4470  5.20523e-15  6.27084e-16
4500  5.16431e-15  3.82123e-16
4530  5.33582e-15  3.55439e-16
4560  5.50364e-15  5.53492e-16
4590  5.45716e-15  5.6149e-16
4620  5.18142e-15  6.16333e-16
4650  4.89238e-15  7.79378e-16
4680  4.61482e-15  9.56285e-16
4710  4.32013e-15  9.30072e-16
4740  4.25678e-15  7.90652e-16
4770  4.36296e-15  6.24141e-16
4800  4.3215e-15   6.58894e-16
4830  3.90149e-15  6.90211e-16
4860  3.34262e-15  6.87754e-16
4890  2.98261e-15  6.17459e-16
4920  2.97353e-15  2.78278e-16
4950  3.12388e-15  1.45703e-16
4980  3.09675e-15  6.16753e-16
5010  3.17067e-15  6.96733e-16
5040  3.73487e-15  2.17839e-16
5070  4.0351e-15   5.18999e-16
5100  4.26589e-15  8.30802e-16
5130  4.1378e-15   6.71548e-16
5160  3.87025e-15  5.15205e-16
5190  3.65793e-15  5.1056e-16
5220  3.58418e-15  3.05764e-16
5250  3.3329e-15   2.34653e-16
5280  2.98954e-15  2.52268e-16
5310  2.9023e-15   5.91283e-16
5340  3.00503e-15  5.38101e-16
5370  3.2205e-15   5.19654e-16
5400  3.2639e-15   1.11236e-15
5430  3.09232e-15  1.18559e-15
5460  3.075e-15    8.77495e-16
5490  2.95873e-15  7.9462e-16
5520  3.1799e-15   8.90882e-16
5550  3.28978e-15  1.07533e-15
5580  3.13603e-15  9.57387e-16
5610  2.96361e-15  7.59705e-16
5640  2.88092e-15  7.79573e-16
5670  2.79492e-15  4.76715e-16
5700  2.69931e-15  4.70206e-16
5730  2.6657e-15   3.73424e-16
5760  2.42229e-15  5.06728e-16
5790  2.28553e-15  5.57252e-16
5820  2.43809e-15  1.85274e-16
5850  2.57396e-15  2.65124e-16
5880  2.61113e-15  3.0566e-16
5910  2.5546e-15   1.63673e-16
5940  2.51571e-15  4.59933e-17
5970  2.50311e-15  7.92674e-18
6000  2.39959e-15  1.1352e-16
6030  2.26154e-15  7.17685e-17
6060  2.20274e-15  7.24825e-17
6090  2.13506e-15  7.19087e-17
6120  2.052e-15    7.4669e-17
6150  1.97993e-15  7.62814e-17
6180  1.96411e-15  6.93871e-17
6210  2.00965e-15  5.71438e-17
6240  2.07386e-15  4.92957e-17
6270  2.10966e-15  5.26965e-17
6300  2.10392e-15  6.12694e-17
6330  2.06594e-15  6.45368e-17
6360  2.00441e-15  5.99973e-17
6390  1.92955e-15  5.21448e-17
6420  1.85622e-15  4.58702e-17
6450  1.79697e-15  4.32694e-17
6480  1.75742e-15  4.35514e-17
6510  1.73526e-15  4.45201e-17
6540  1.7188e-15   4.40924e-17
6570  1.69327e-15  4.1374e-17
6600  1.65669e-15  3.83428e-17
6630  1.62193e-15  3.73811e-17
6660  1.59651e-15  3.74709e-17
6690  1.57087e-15  3.84123e-17
6720  1.53424e-15  4.32895e-17
6750  1.48991e-15  4.99306e-17
6780  1.44699e-15  5.00771e-17
6810  1.40816e-15  4.21791e-17
6840  1.37093e-15  3.5209e-17
6870  1.33826e-15  3.53656e-17
6900  1.31751e-15  3.81582e-17
6930  1.30561e-15  3.84293e-17
6960  1.28667e-15  3.79908e-17
6990  1.25521e-15  3.99347e-17
7020  1.22879e-15  4.28647e-17
7050  1.21857e-15  4.36198e-17
7080  1.20921e-15  4.02078e-17
7110  1.1877e-15   3.29483e-17
7140  1.16597e-15  2.68403e-17
7170  1.1552e-15   2.75971e-17
7200  1.14372e-15  3.33161e-17
7230  1.12029e-15  3.69295e-17
7260  1.09532e-15  3.57197e-17
7290  1.07942e-15  3.42702e-17
7320  1.06642e-15  3.83065e-17
7350  1.04983e-15  4.5858e-17
7380  1.03332e-15  5.0081e-17
7410  1.02138e-15  4.839e-17
7440  1.01094e-15  4.33234e-17
7470  9.96574e-16  3.7618e-17
7500  9.78413e-16  3.33897e-17
7530  9.60819e-16  3.41854e-17
7560  9.46562e-16  4.0596e-17
7590  9.33907e-16  4.74942e-17
7620  9.21968e-16  4.9609e-17
7650  9.16537e-16  4.56097e-17
7680  9.19403e-16  3.99526e-17
7710  9.22167e-16  4.11607e-17
7740  9.17716e-16  5.02402e-17
7770  9.05894e-16  5.57897e-17
7800  8.86351e-16  4.90818e-17
7830  8.61892e-16  3.58207e-17
7860  8.39773e-16  3.06076e-17
7890  8.14533e-16  3.62668e-17
7920  7.76133e-16  4.05388e-17
7950  7.31357e-16  3.69275e-17
7980  7.02306e-16  2.91477e-17
8010  7.00525e-16  2.03605e-17
8040  7.25342e-16  4.39138e-18
8070  7.23909e-16  4.01126e-18
8100  7.08964e-16  1.42869e-17
8130  6.96319e-16  2.02411e-17
8160  6.84932e-16  2.02378e-17
8190  6.69758e-16  1.95905e-17
8220  6.45453e-16  2.26312e-17
8250  6.17861e-16  2.09279e-17
8280  6.00961e-16  6.99258e-18
8310  5.81136e-16  8.79939e-18
8340  5.74126e-16  3.25638e-18
8370  5.82197e-16  1.10056e-17
8400  5.82345e-16  2.00839e-17
8430  5.86176e-16  2.19638e-17
8460  5.85693e-16  2.24128e-17
8490  5.75558e-16  2.54038e-17
8520  5.62307e-16  3.12858e-17
8550  5.57941e-16  3.81075e-17
8580  5.63072e-16  4.27463e-17
8610  5.64964e-16  4.37148e-17
8640  5.52096e-16  4.5561e-17
8670  5.29456e-16  5.55276e-17
8700  5.12482e-16  7.39435e-17
8730  5.07793e-16  8.98097e-17
8760  5.04195e-16  9.15613e-17
8790  4.88437e-16  8.37366e-17
8820  4.83171e-16  1.18751e-16
8850  4.5727e-16   1.22492e-16
8880  4.47493e-16  1.2715e-16
8910  4.41303e-16  1.30027e-16
8940  4.4022e-16   1.29984e-16