#-1.5750294825816946
3450  4.9257e-15   4.62539e-16
3480  5.40245e-15  4.68396e-16
3510  5.89792e-15  3.5053e-16
3540  6.09644e-15  2.12104e-16
3570  6.20298e-15  1.14373e-16
3600  6.28205e-15  5.97202e-17
3630  5.74871e-15  1.34015e-17
3660  4.265e-15    8.65234e-17
3690  2.63313e-15  1.25305e-16
3720  1.86757e-15  3.45007e-16
3750  2.00512e-15  2.21261e-16
3780  2.48812e-15  2.07296e-16
3810  3.34724e-15  2.56275e-16
3840  4.83215e-15  3.13844e-16
3870  6.55201e-15  3.80089e-16
3900  7.58948e-15  4.17675e-16
3930  7.48993e-15  3.67847e-16
3960  6.83646e-15  3.51291e-16
3990  6.52559e-15  3.7586e-16
4020  6.92718e-15  3.87722e-16
4050  7.58737e-15  4.04425e-16
4080  7.75639e-15  4.05219e-16
4110  7.27372e-15  4.03538e-16
4140  6.61595e-15  4.19354e-16
4170  6.13083e-15  4.37934e-16
4200  5.60033e-15  3.78889e-16
4230  4.73007e-15  6.70052e-16
4260  3.84619e-15  7.08882e-16
4290  3.55787e-15  6.54967e-16
4320  3.9474e-15   4.89427e-16
4350  4.43143e-15  2.71028e-16
4380  4.48215e-15  2.51141e-16
4410  4.26451e-15  2.68427e-16
4440  4.34244e-15  2.97119e-16
4470  4.80019e-15  3.21218e-16
4500  5.15803e-15  2.91738e-16
4530  5.14862e-15  2.72924e-16
4560  4.96552e-15  6.85326e-16
4590  4.7725e-15   7.19536e-16
4620  4.44798e-15  6.84058e-16
4650  3.97473e-15  6.51446e-16
4680  3.59752e-15  5.75e-16
4710  3.4862e-15   4.1989e-16
4740  3.46631e-15  2.42372e-16
4770  3.34124e-15  2.06614e-16
4800  3.04164e-15  1.61568e-16
4830  2.71634e-15  1.37051e-16
4860  2.60184e-15  1.45356e-16
4890  2.74709e-15  2.94242e-16
4920  2.88942e-15  3.72758e-16
4950  2.88832e-15  3.24839e-16
4980  2.82181e-15  1.74702e-16
5010  2.92032e-15  2.07577e-16
5040  3.1771e-15   2.15621e-16
5070  3.42347e-15  1.96037e-16
5100  3.53061e-15  1.81869e-16
5130  3.53512e-15  1.62922e-16
5160  3.46097e-15  5.3386e-16
5190  3.27054e-15  6.08564e-16
5220  2.86627e-15  6.17822e-16
5250  2.40516e-15  5.91572e-16
5280  2.203e-15    5.52248e-16
5310  2.3492e-15   4.88482e-16
5340  2.6195e-15   1.34135e-16
5370  2.68691e-15  1.32405e-16
5400  2.45794e-15  1.33462e-16
5430  2.15464e-15  1.10184e-16
5460  2.13986e-15  1.0388e-16
5490  2.44887e-15  1.14907e-16
5520  2.76736e-15  1.51132e-16
5550  2.86954e-15  1.89299e-16
5580  2.83384e-15  2.16056e-16
5610  2.80889e-15  2.58447e-16
5640  2.93723e-15  1.77818e-16
5670  2.89329e-15  1.67356e-16
5700  2.76981e-15  1.57824e-16
5730  2.64901e-15  1.53914e-16
5760  2.58254e-15  1.62501e-16
5790  2.56954e-15  1.87832e-16
5820  2.58285e-15  1.84492e-16
5850  2.59881e-15  1.91006e-16
5880  2.6104e-15   2.88339e-16
5910  2.60415e-15  1.70747e-16
5940  2.62611e-15  1.85844e-16
5970  2.54444e-15  2.01319e-16
6000  2.22802e-15  1.94058e-16
6030  1.68365e-15  1.69207e-16
6060  1.13911e-15  1.3544e-16
6090  8.37394e-16  9.9054e-17
6120  8.29232e-16  7.23399e-17
6150  1.03101e-15  6.58363e-17
6180  1.35975e-15  8.02966e-17
6210  1.7271e-15   1.0843e-16
6240  2.02078e-15  1.32931e-16
6270  2.17502e-15  1.42526e-16
6300  2.21394e-15  1.4424e-16
6330  2.19273e-15  1.47759e-16
6360  2.13723e-15  1.52133e-16
6390  2.0574e-15   1.52235e-16
6420  1.96954e-15  1.49244e-16
6450  1.88358e-15  1.47947e-16
6480  1.79685e-15  1.48916e-16
6510  1.71136e-15  1.48433e-16
6540  1.63634e-15  1.43686e-16
6570  1.57363e-15  1.35114e-16
6600  1.51715e-15  1.24569e-16
6630  1.46224e-15  1.13029e-16
6660  1.40581e-15  1.0182e-16
6690  1.34497e-15  9.42397e-17
6720  1.28215e-15  9.15902e-17
6750  1.22525e-15  8.98361e-17
6780  1.18066e-15  8.57906e-17
6810  1.14952e-15  8.2691e-17
6840  1.12841e-15  8.50523e-17
6870  1.11299e-15  9.09727e-17
6900  1.10243e-15  9.54216e-17
6930  9.9758e-16   8.13745e-17
6960  9.86024e-16  7.74994e-17
6990  9.69663e-16  7.23393e-17
7020  9.52154e-16  6.79408e-17
7050  9.38561e-16  6.70658e-17
7080  9.29156e-16  6.92198e-17
7110  9.20473e-16  6.96442e-17
7140  9.1006e-16   6.84374e-17
7170  8.95728e-16  6.7135e-17
7200  8.75071e-16  6.524e-17
7230  8.48912e-16  6.34786e-17
7260  8.23169e-16  6.44268e-17
7290  8.0406e-16   6.89662e-17
7320  7.8592e-16   7.80135e-17
7350  7.43831e-16  9.4972e-17
7380  6.72524e-16  1.54061e-17
7410  6.11264e-16  1.30581e-17
7440  5.79176e-16  1.37252e-17
7470  5.74318e-16  1.33856e-17
7500  5.80461e-16  1.25396e-17
7530  5.91375e-16  1.20737e-17
7560  6.10266e-16  1.16923e-17
7590  6.33442e-16  1.1346e-17
7620  6.51464e-16  1.08468e-17
7650  6.60832e-16  1.21742e-17
7680  6.6798e-16   1.37157e-17
7710  6.82802e-16  1.49008e-17
7740  7.09256e-16  1.86707e-17
7770  7.38332e-16  1.90455e-17
7800  7.5544e-16   8.19465e-18
7830  7.57519e-16  8.45649e-18
7860  7.53702e-16  1.29254e-17
7890  7.50092e-16  9.30942e-18
7920  7.32896e-16  5.99058e-18
7950  6.82917e-16  7.74449e-18
7980  6.12405e-16  1.19382e-17
8010  5.6269e-16   1.70609e-17
8040  5.50777e-16  2.12627e-17
8070  5.43808e-16  2.18179e-17
8100  5.05837e-16  1.96592e-17
8130  4.46651e-16  1.52787e-17
8160  4.04083e-16  8.74746e-18
8190  3.94487e-16  6.72293e-18
8220  4.04246e-16  9.07354e-18
8250  4.18516e-16  1.24802e-17
8280  4.39084e-16  1.46136e-17
8310  4.74345e-16  1.29715e-17
8340  5.23729e-16  1.30775e-17
8370  5.7835e-16   1.18193e-17
8400  6.27266e-16  1.22133e-17
8430  6.67922e-16  1.41163e-17
8460  7.04015e-16  1.51307e-17
8490  7.31154e-16  1.92765e-17
8520  7.38612e-16  1.99399e-17
8550  7.23128e-16  1.61012e-17
8580  6.99619e-16  1.35878e-17
8610  6.8744e-16   1.30875e-17
8640  6.87008e-16  1.40501e-17
8670  6.83595e-16  1.62859e-17
8700  6.66915e-16  2.20185e-17
8730  6.35005e-16  2.78101e-17
8760  5.88539e-16  1.90694e-17
8790  5.36635e-16  1.09186e-17
8820  5.07504e-16  2.75588e-17
8850  5.04118e-16  2.28399e-17
8880  5.03243e-16  1.39066e-17
8910  4.84222e-16  1.43927e-17
8940  4.58783e-16  2.18842e-17
8970  4.43349e-16  2.4085e-17
9000  4.35826e-16  1.62491e-17