#-0.5034814473004926
3990  1.81354e-15  4.74246e-18
4020  1.58526e-15  1.78819e-16
4050  1.59904e-15  6.19128e-18
4080  1.65829e-15  4.01384e-18
4110  1.48689e-15  3.39684e-18
4140  1.28029e-15  3.32932e-18
4170  1.21426e-15  3.68567e-18
4200  1.21462e-15  3.35307e-18
4230  1.18233e-15  3.14893e-18
4260  1.13573e-15  3.07028e-18
4290  1.0883e-15   2.79982e-18
4320  1.0069e-15   2.52392e-18
4350  9.36915e-16  2.82785e-18
4380  1.02606e-15  4.678e-17
4410  1.31097e-15  5.64547e-17
4440  1.6838e-15   5.97265e-18
4470  2.01708e-15  6.4469e-18
4500  2.19084e-15  6.56033e-18
4530  2.17346e-15  6.08717e-18
4560  2.0093e-15   5.36378e-18
4590  1.80435e-15  4.88394e-18
4620  1.64764e-15  4.77505e-18
4650  1.56362e-15  4.8452e-18
4680  1.55321e-15  5.11491e-18
4710  1.61172e-15  5.67859e-18
4740  1.69425e-15  5.94761e-18
4770  1.72507e-15  5.58567e-18
4800  1.65347e-15  5.10583e-18
4830  1.49343e-15  4.8454e-18
4860  1.31991e-15  4.82525e-18
4890  1.20234e-15  4.28789e-18
4920  1.13321e-15  3.59949e-18
4950  1.06636e-15  3.10107e-18
4980  1.01518e-15  3.08589e-18
5010  1.04038e-15  3.44498e-18
5040  1.14005e-15  3.72582e-18
5070  1.23164e-15  3.81713e-18
5100  1.26395e-15  3.8879e-18
5130  1.27788e-15  3.97068e-18
5160  1.32075e-15  4.0986e-18
5190  1.1817e-15   3.02555e-16
5220  1.20005e-15  3.01129e-16
5250  1.17381e-15  3.19724e-16
5280  1.15374e-15  3.51334e-16
5310  1.18057e-15  3.80927e-16
5340  1.23406e-15  4.09317e-16
5370  1.25804e-15  4.31582e-16
5400  1.21429e-15  4.33371e-16
5430  1.11856e-15  4.06593e-16
5460  1.03095e-15  3.64275e-16
5490  1.00555e-15  3.31688e-16
5520  1.04188e-15  3.21804e-16
5550  1.0848e-15   3.23064e-16
5580  1.07731e-15  3.14665e-16
5610  1.01916e-15  2.90209e-16
5640  9.63816e-16  2.66474e-16
5670  9.46531e-16  2.63889e-16
5700  9.36157e-16  2.74748e-16
5730  8.89732e-16  2.76071e-16
5760  8.35327e-16  2.69659e-16
5790  8.46949e-16  2.87346e-16
5820  9.49344e-16  3.43753e-16
5850  1.08424e-15  4.07784e-16
5880  1.1671e-15   4.36704e-16
5910  1.16475e-15  4.20806e-16
5940  1.11792e-15  3.85894e-16
5970  1.08408e-15  3.58666e-16
6000  1.05735e-15  3.40858e-16
6030  9.67335e-16  3.15492e-16
6060  7.76866e-16  2.70313e-16
6090  5.58846e-16  2.15352e-16
6120  4.37184e-16  1.65871e-16
6150  4.48867e-16  1.4573e-16
6180  5.33357e-16  1.58475e-16
6210  6.28677e-16  1.82782e-16
6240  7.19149e-16  2.08669e-16
6270  8.0809e-16   2.38882e-16
6300  8.84591e-16  2.73887e-16
6330  9.31383e-16  3.03973e-16
6360  1.11893e-15  3.0623e-18
6390  1.10119e-15  3.0161e-18
6420  1.0688e-15   2.92164e-18
6450  1.03697e-15  2.82761e-18
6480  8.50615e-16  2.71972e-16
6510  8.2155e-16   2.4949e-16
6540  7.88539e-16  2.2298e-16
6570  7.57794e-16  2.02716e-16
6600  7.32733e-16  1.90892e-16
6630  7.08238e-16  1.82702e-16
6660  6.84601e-16  1.78938e-16
6690  6.70159e-16  1.82999e-16
6720  6.58781e-16  1.84616e-16
6750  6.30991e-16  1.70022e-16
6780  5.93894e-16  1.48829e-16
6810  5.83489e-16  1.48058e-16
6840  6.06569e-16  1.71126e-16
6870  6.27413e-16  1.90667e-16
6900  6.26107e-16  1.89788e-16
6930  6.21444e-16  1.81801e-16
6960  6.2839e-16   1.84009e-16
6990  6.31983e-16  1.90926e-16
7020  6.16146e-16  1.86967e-16
7050  5.90684e-16  1.71802e-16
7080  5.76873e-16  1.59026e-16
7110  5.8066e-16   1.5635e-16
7140  5.87772e-16  1.57773e-16
7170  5.81927e-16  1.55308e-16
7200  5.634e-16    1.49496e-16
7230  5.4725e-16   1.46814e-16
7260  5.4387e-16   1.50527e-16
7290  5.45386e-16  1.55694e-16
7320  5.3662e-16   1.54558e-16
7350  5.17372e-16  1.47701e-16
7380  5.00382e-16  1.44516e-16
7410  4.8157e-16   1.44806e-16
7440  4.33086e-16  1.28223e-16
7470  3.45975e-16  8.17375e-17
7500  2.60874e-16  3.04964e-17
7530  2.37432e-16  2.96711e-17
7560  2.72906e-16  6.709e-17
7590  3.23483e-16  9.82601e-17
7620  3.74721e-16  1.07973e-16
7650  4.30723e-16  1.14142e-16
7680  4.84548e-16  1.31609e-16
7710  5.23491e-16  1.50157e-16
7740  5.50367e-16  1.58195e-16
7770  5.74235e-16  1.61744e-16
7800  5.92769e-16  1.71043e-16
7830  5.96687e-16  1.82953e-16
7860  5.82114e-16  1.8575e-16
7890  5.53455e-16  1.77289e-16
7920  5.20844e-16  1.6927e-16
7950  4.96785e-16  1.68714e-16
7980  4.88166e-16  1.68926e-16
8010  4.8855e-16   1.66741e-16
8040  3.88618e-16  2.19625e-16
8070  1.47462e-16  8.0789e-17
8100  1.23562e-16  6.47638e-17
8130  1.01626e-16  4.80727e-17
8160  8.86844e-17  3.4232e-17
8190  8.34019e-17  2.4781e-17
8220  7.97669e-17  2.11723e-17
8250  7.66474e-17  2.2583e-17
8280  7.78632e-17  2.50136e-17
8310  8.51847e-17  2.73178e-17
8340  9.83278e-17  3.28285e-17
8370  1.15548e-16  4.45546e-17
8400  1.33405e-16  6.03217e-17
8430  1.47605e-16  7.59517e-17
8460  1.56449e-16  8.99866e-17
8490  1.61127e-16  1.02755e-16
8520  1.62859e-16  1.12174e-16
8550  1.62049e-16  1.15155e-16
8580  1.60063e-16  1.12991e-16
8610  1.59235e-16  1.10534e-16
8640  1.59916e-16  1.09935e-16
8670  1.59844e-16  1.08229e-16
8700  1.5578e-16   1.02354e-16
8730  1.48524e-16  9.27053e-17
8760  1.38171e-16  8.38301e-17
8790  1.2474e-16   7.7592e-17
8820  1.10957e-16  6.99322e-17
8850  9.82662e-17  5.84159e-17
8880  9.17059e-17  4.58341e-17
8910  9.25245e-17  3.97918e-17
8940  9.82418e-17  4.28928e-17
8970  1.04021e-16  4.9162e-17
9000  1.08434e-16  5.20978e-17