#11.836085140244135
3390  3.53523e-14  2.75877e-14
3420  3.56231e-14  2.72032e-14
3450  3.86599e-14  2.67877e-14
3480  4.63971e-14  2.71335e-14
3510  5.7993e-14   2.8751e-14
3540  6.77584e-14  2.97974e-14
3570  6.74299e-14  2.7383e-14
3600  6.28447e-14  2.13743e-14
3630  5.71571e-14  1.43885e-14
3660  4.99706e-14  1.00071e-14
3690  4.23044e-14  9.14215e-15
3720  3.9201e-14   1.11268e-14
3750  4.03161e-14  1.34197e-14
3780  4.38551e-14  1.42289e-14
3810  5.22037e-14  1.51688e-14
3840  6.73194e-14  1.77007e-14
3870  8.38886e-14  2.03081e-14
3900  9.22643e-14  2.03613e-14
3930  8.74528e-14  1.79724e-14
3960  7.47834e-14  1.58893e-14
3990  6.56266e-14  1.62696e-14
4020  6.51151e-14  1.79522e-14
4050  6.73211e-14  1.78586e-14
4080  6.62799e-14  1.50255e-14
4110  6.45251e-14  1.14733e-14
4140  6.52906e-14  9.41058e-15
4170  6.55253e-14  8.58132e-15
4200  6.24048e-14  7.54877e-15
4230  5.86567e-14  6.21287e-15
4260  5.66872e-14  5.42854e-15
4290  5.31599e-14  5.57439e-15
4320  4.46971e-14  5.92266e-15
4350  3.51308e-14  5.94657e-15
4380  3.20298e-14  6.21648e-15
4410  3.77156e-14  6.62533e-15
4440  4.81088e-14  6.53203e-15
4470  5.93999e-14  6.043e-15
4500  7.13333e-14  5.35352e-15
4530  8.18066e-14  4.64236e-15
4560  8.56054e-14  4.2026e-15
4590  8.00077e-14  4.03047e-15
4620  6.91758e-14  3.8461e-15
4650  5.86423e-14  3.43211e-15
4680  4.96896e-14  2.93603e-15
4710  4.23674e-14  2.61675e-15
4740  3.81973e-14  2.41583e-15
4770  3.64202e-14  2.17727e-15
4800  3.42515e-14  1.9223e-15
4830  3.36518e-14  1.7894e-15
4860  3.87749e-14  1.77422e-15
4890  4.55731e-14  1.73285e-15
4920  4.47289e-14  1.67739e-15
4950  3.57369e-14  1.52387e-15
4980  2.83343e-14  1.31425e-15
5010  2.85911e-14  1.23362e-15
5040  3.24979e-14  1.43876e-15
5070  3.53203e-14  1.731e-15
5100  3.94877e-14  1.74317e-15
5130  4.85984e-14  1.70416e-15
5160  5.97428e-14  1.76095e-15
5190  6.62029e-14  1.85428e-15
5220  6.55933e-14  1.71228e-15
5250  6.15204e-14  1.46358e-15
5280  5.81587e-14  1.48806e-15
5310  5.61141e-14  1.56355e-15
5340  5.3468e-14   1.64336e-15
5370  4.94259e-14  1.63143e-15
5400  4.56238e-14  1.45639e-15
5430  4.38223e-14  1.3922e-15
5460  4.37209e-14  1.42685e-15
5490  4.35277e-14  1.47477e-15
5520  4.19027e-14  1.83752e-15
5550  3.89672e-14  2.18837e-15
5580  3.57579e-14  2.06384e-15
5610  3.32813e-14  1.68647e-15
5640  3.20613e-14  1.38172e-15
5670  3.17649e-14  1.38398e-15
5700  3.19493e-14  1.50106e-15
5730  3.31911e-14  1.48238e-15
5760  3.62652e-14  1.42741e-15
5790  4.04807e-14  1.42665e-15
5820  4.41508e-14  1.41975e-15
5850  4.64721e-14  1.40268e-15
5880  4.73739e-14  1.46996e-15
5910  4.62519e-14  1.56883e-15
5940  4.32192e-14  1.59697e-15
5970  4.03047e-14  1.51268e-15
6000  3.80706e-14  1.40972e-15
6030  3.3152e-14   1.2936e-15
6060  2.39267e-14  1.0181e-15
6090  1.61973e-14  6.1593e-16
6120  1.68238e-14  5.01378e-16
6150  2.4161e-14   6.66314e-16
6180  3.05983e-14  8.33497e-16
6210  3.27243e-14  9.33166e-16
6240  3.28899e-14  9.72909e-16
6270  3.30194e-14  1.04869e-15
6300  3.25164e-14  1.13624e-15
6330  3.11202e-14  1.15841e-15
6360  2.98793e-14  1.11649e-15
6390  2.93576e-14  1.07218e-15
6420  2.90337e-14  1.04764e-15
6450  2.84341e-14  1.01136e-15
6480  2.76422e-14  9.53495e-16
6510  2.67846e-14  9.03552e-16
6540  2.57535e-14  8.68173e-16
6570  2.44632e-14  8.26418e-16
6600  2.30226e-14  7.80783e-16
6630  2.15519e-14  7.41172e-16
6660  2.00387e-14  6.95489e-16
6690  1.85262e-14  6.4225e-16
6720  1.72898e-14  5.86192e-16
6750  1.65799e-14  5.27456e-16
6780  1.62713e-14  4.84174e-16
6810  1.6016e-14   4.55335e-16
6840  1.56884e-14  4.89098e-16
6870  1.53674e-14  5.4106e-16
6900  1.50499e-14  5.67811e-16
6930  1.46033e-14  5.64153e-16
6960  1.40404e-14  5.41659e-16
6990  1.35889e-14  5.46998e-16
7020  1.33654e-14  5.7297e-16
7050  1.31771e-14  5.67733e-16
7080  1.27822e-14  5.26885e-16
7110  1.22328e-14  4.90391e-16
7140  1.18265e-14  4.70602e-16
7170  1.17487e-14  4.80846e-16
7200  1.19049e-14  4.78018e-16
7230  1.20656e-14  3.40225e-16
7260  1.20325e-14  3.23195e-16
7290  1.17291e-14  3.15988e-16
7320  1.11959e-14  3.17745e-16
7350  1.05307e-14  3.2553e-16
7380  9.80682e-15  3.2291e-16
7410  9.12241e-15  3.15223e-16
7440  8.66028e-15  3.11797e-16
7470  8.49841e-15  3.25583e-16
7500  8.38801e-15  3.14709e-16
7530  7.99352e-15  3.09991e-16
7560  7.28775e-15  5.25428e-16
7590  6.91923e-15  5.76842e-16
7620  7.13843e-15  4.03236e-16
7650  7.41727e-15  3.1602e-16
7680  7.48972e-15  3.59989e-16
7710  7.50383e-15  3.3679e-16
7740  7.62789e-15  3.13326e-16
7770  7.81087e-15  3.31321e-16
7800  8.00919e-15  3.16444e-16
7830  8.23649e-15  3.13078e-16
7860  8.51065e-15  3.36407e-16
7890  8.71414e-15  3.75684e-16
7920  8.69516e-15  3.83436e-16
7950  8.45529e-15  3.50485e-16
7980  8.09516e-15  3.23906e-16
8010  7.64557e-15  3.51645e-16
8040  7.0764e-15   4.15746e-16
8070  6.39851e-15  4.69462e-16
8100  5.5607e-15   4.71103e-16
8130  4.46703e-15  3.98591e-16
8160  3.45248e-15  3.0755e-16
8190  3.27785e-15  2.77091e-16
8220  4.15953e-15  3.27625e-16
8250  5.13483e-15  3.78162e-16
8280  5.2652e-15   3.56963e-16
8310  5.19421e-15  3.14239e-16
8340  6.13512e-15  3.65748e-16
8370  7.98053e-15  5.13505e-16
8400  9.54819e-15  6.42577e-16
8430  1.03408e-14  6.71133e-16
8460  1.08479e-14  6.50314e-16
8490  1.14534e-14  6.60468e-16
8520  1.20428e-14  7.15267e-16
8550  1.24823e-14  7.68903e-16
8580  1.28358e-14  7.95083e-16
8610  1.31701e-14  8.10329e-16
8640  1.35036e-14  8.33313e-16
8670  1.38884e-14  8.61938e-16
8700  1.42736e-14  8.80885e-16
8730  1.43733e-14  8.81722e-16
8760  1.396e-14    8.71492e-16
8790  1.3228e-14   8.64344e-16
8820  1.25303e-14  8.55678e-16
8850  1.18075e-14  8.20293e-16
8880  1.07197e-14  7.49043e-16
8910  9.36784e-15  6.76728e-16
8940  8.33925e-15  6.35799e-16
8970  7.92308e-15  6.22549e-16
9000  7.85344e-15  6.20491e-16