#9.970889721444475
3420  7.12272e-16  5.27953e-17
3450  8.15894e-16  1.32933e-16
3480  9.08824e-16  2.33921e-16
3510  1.19363e-15  2.92946e-16
3540  1.60468e-15  3.46254e-16
3570  1.90747e-15  3.95424e-16
3600  2.06092e-15  4.05453e-16
3630  2.17502e-15  3.92127e-16
3660  2.23515e-15  3.62433e-16
3690  2.04054e-15  2.97201e-16
3720  1.40455e-15  5.0151e-16
3750  1.07029e-15  3.75112e-16
3780  1.02222e-15  4.2212e-16
3810  1.20347e-15  5.04245e-16
3840  1.51242e-15  5.53175e-16
3870  1.95366e-15  6.21771e-16
3900  2.42595e-15  7.35921e-16
3930  2.68449e-15  8.19331e-16
3960  2.58684e-15  8.04108e-16
3990  2.25469e-15  7.30074e-16
4020  1.99682e-15  6.90666e-16
4050  2.04515e-15  7.3111e-16
4080  2.29673e-15  8.06923e-16
4110  2.43773e-15  8.33616e-16
4140  2.36446e-15  7.91479e-16
4170  2.26738e-15  7.36858e-16
4200  2.26327e-15  7.01444e-16
4230  2.21216e-15  6.4935e-16
4260  1.9776e-15   5.53509e-16
4290  1.64616e-15  4.51855e-16
4320  1.40138e-15  4.0716e-16
4350  1.30734e-15  4.34093e-16
4380  1.30321e-15  4.84846e-16
4410  1.34648e-15  5.1004e-16
4440  1.47624e-15  5.2562e-16
4470  1.72276e-15  5.8106e-16
4500  2.00445e-15  6.60064e-16
4530  2.19641e-15  6.93573e-16
4560  2.28229e-15  6.7476e-16
4590  2.32795e-15  6.58732e-16
4620  2.31526e-15  6.53819e-16
4650  2.14492e-15  6.10449e-16
4680  1.82297e-15  5.15562e-16
4710  1.50032e-15  4.24978e-16
4740  1.29598e-15  3.82525e-16
4770  1.21798e-15  3.82291e-16
4800  1.24088e-15  4.03657e-16
4830  1.30374e-15  4.16462e-16
4860  1.29915e-15  3.9141e-16
4890  1.20863e-15  3.43137e-16
4920  1.13938e-15  3.20038e-16
4950  1.14623e-15  3.28206e-16
4980  1.15359e-15  3.31155e-16
5010  1.11265e-15  3.2098e-16
5040  1.1077e-15   3.28628e-16
5070  1.22972e-15  3.75389e-16
5100  1.43348e-15  4.3902e-16
5130  1.58525e-15  4.74487e-16
5160  1.63497e-15  4.6697e-16
5190  1.66715e-15  4.51532e-16
5220  1.73595e-15  4.56348e-16
5250  1.74456e-15  4.55134e-16
5280  1.59228e-15  4.13043e-16
5310  1.36055e-15  3.50302e-16
5340  1.22519e-15  3.15744e-16
5370  1.23804e-15  3.23231e-16
5400  1.29472e-15  3.46902e-16
5430  1.26717e-15  3.48763e-16
5460  1.13603e-15  3.26664e-16
5490  1.01623e-15  3.09063e-16
5520  1.03348e-15  3.13989e-16
5550  1.17539e-15  3.43236e-16
5580  1.31294e-15  3.78256e-16
5610  1.34827e-15  3.94368e-16
5640  1.28853e-15  3.83023e-16
5670  1.20464e-15  3.56241e-16
5700  1.16262e-15  3.3853e-16
5730  1.16722e-15  3.40874e-16
5760  1.1647e-15   3.44319e-16
5790  1.13423e-15  3.30422e-16
5820  1.13636e-15  3.17453e-16
5850  1.21021e-15  3.26798e-16
5880  1.28833e-15  3.45493e-16
5910  1.28785e-15  3.4734e-16
5940  1.22236e-15  3.30872e-16
5970  1.1607e-15   3.1469e-16
6000  1.12623e-15  3.05301e-16
6030  1.09673e-15  2.94598e-16
6060  1.05359e-15  2.78179e-16
6090  9.74308e-16  2.56273e-16
6120  8.30128e-16  2.26645e-16
6150  6.488e-16    1.91835e-16
6180  5.32763e-16  1.66954e-16
6210  5.6048e-16   1.68382e-16
6240  6.92522e-16  1.94605e-16
6270  8.20556e-16  2.24284e-16
6300  8.80938e-16  2.38055e-16
6330  8.86486e-16  2.37345e-16
6360  8.73562e-16  2.35441e-16
6390  8.56816e-16  2.36508e-16
6420  8.34389e-16  2.34885e-16
6450  8.07899e-16  2.31168e-16
6480  7.84257e-16  2.3066e-16
6510  7.64332e-16  2.26422e-16
6540  7.38922e-16  2.07634e-16
6570  7.00698e-16  1.91825e-16
6600  6.62625e-16  1.8302e-16
6630  6.37208e-16  1.82394e-16
6660  6.16783e-16  1.8729e-16
6690  5.89947e-16  1.71458e-16
6720  5.58714e-16  1.5132e-16
6750  5.34617e-16  1.435e-16
6780  5.17393e-16  1.43839e-16
6810  5.00875e-16  1.41816e-16
6840  4.8763e-16   1.34462e-16
6870  4.78307e-16  1.29661e-16
6900  4.65261e-16  1.29634e-16
6930  4.46835e-16  1.30366e-16
6960  4.3142e-16   1.29434e-16
6990  4.22888e-16  1.27867e-16
7020  4.15776e-16  1.27077e-16
7050  4.07218e-16  1.26672e-16
7080  4.007e-16    1.25945e-16
7110  3.97844e-16  1.25306e-16
7140  3.96353e-16  1.27715e-16
7170  4.03019e-16  1.29231e-16
7200  4.03548e-16  1.2843e-16
7230  4.04176e-16  1.28081e-16
7260  1.34561e-16  1.27456e-17
7290  1.20101e-16  1.31244e-17
7320  1.04403e-16  1.36933e-17
7350  9.41286e-17  1.37071e-17
7380  8.66164e-17  1.27641e-17
7410  8.20644e-17  1.09252e-17
7440  8.36151e-17  9.5549e-18
7470  8.34327e-17  9.78581e-18
7500  7.09332e-17  1.12051e-17
7530  5.20071e-17  1.28047e-17
7560  4.1291e-17   1.30962e-17
7590  4.55431e-17  1.27064e-17
7620  5.84535e-17  1.3307e-17
7650  6.74175e-17  1.53688e-17
7680  6.5477e-17   1.79857e-17
7710  5.76944e-17  1.94595e-17
7740  5.77521e-17  1.88575e-17
7770  7.34049e-17  1.73908e-17
7800  9.17389e-17  1.66632e-17
7830  9.30893e-17  1.66326e-17
7860  8.10316e-17  1.70334e-17
7890  7.51512e-17  1.66315e-17
7920  7.91279e-17  1.51179e-17
7950  7.6236e-17   1.40395e-17
7980  6.02344e-17  1.41963e-17
8010  4.79203e-17  1.43967e-17
8040  4.8473e-17   1.30352e-17
8070  4.80442e-17  1.13132e-17
8100  3.36122e-17  1.1517e-17
8130  1.72737e-17  1.40286e-17
8160  1.60595e-17  1.69705e-17
8190  2.47275e-17  1.88667e-17
8220  2.63382e-17  1.98723e-17
8250  2.00262e-17  1.90177e-17
8280  2.35365e-17  1.50254e-17
8310  4.43126e-17  1.09117e-17
8340  6.03676e-17  1.17219e-17
8370  5.16721e-17  1.61404e-17
8400  3.68262e-17  1.87252e-17
8430  4.167e-17    1.71963e-17
8460  6.58865e-17  1.52105e-17
8490  8.75488e-17  1.57876e-17
8520  9.28491e-17  1.82813e-17
8550  8.61126e-17  2.16234e-17
8580  7.75061e-17  2.42332e-17
8610  7.51408e-17  2.3433e-17
8640  8.01251e-17  2.00986e-17
8670  8.16913e-17  1.91049e-17
8700  6.98424e-17  2.27527e-17
8730  5.20952e-17  2.73622e-17
8760  4.18839e-17  2.79644e-17
8790  4.44587e-17  2.39696e-17
8820  5.45734e-17  1.94234e-17
8850  5.91987e-17  1.83739e-17
8880  5.07721e-17  2.13984e-17
8910  3.72727e-17  2.57455e-17
8940  2.88617e-17  2.84159e-17
8970  2.64155e-17  2.91738e-17
9000  2.61722e-17  2.92417e-17