#9.887884468289341
3780  5.2837e-15   7.40456e-18
3810  7.70545e-15  5.60659e-17
3840  1.13325e-14  1.57439e-17
3870  1.44174e-14  1.9345e-17
3900  1.51567e-14  1.95179e-17
3930  1.35287e-14  1.79737e-17
3960  1.10034e-14  1.54732e-17
3990  9.03113e-15  1.52843e-16
4020  8.36607e-15  9.87857e-17
4050  8.7607e-15   1.74062e-17
4080  9.49896e-15  1.72881e-17
4110  1.00406e-14  1.61416e-17
4140  1.03398e-14  1.63044e-17
4170  1.0687e-14   1.67301e-17
4200  1.09013e-14  1.59086e-17
4230  1.03032e-14  1.39778e-17
4260  8.65143e-15  1.17489e-17
4290  6.44125e-15  1.58408e-16
4320  5.01615e-15  1.49989e-16
4350  4.60893e-15  1.37995e-16
4380  5.16616e-15  1.26129e-16
4410  6.63514e-15  1.33745e-16
4440  9.14649e-15  1.68902e-17
4470  1.19093e-14  1.91835e-17
4500  1.42993e-14  2.09263e-17
4530  1.55477e-14  2.14557e-17
4560  1.52715e-14  2.04038e-17
4590  1.35511e-14  1.81904e-17
4620  1.09114e-14  1.51765e-17
4650  8.18901e-15  1.13344e-17
4680  6.07384e-15  7.26368e-17
4710  4.84761e-15  6.22139e-17
4740  4.27686e-15  6.1108e-17
4770  4.26357e-15  6.74166e-17
4800  4.74036e-15  7.01433e-17
4830  5.37067e-15  6.21753e-17
4860  5.66441e-15  8.01455e-18
4890  5.34555e-15  7.9505e-18
4920  4.78619e-15  6.9971e-17
4950  4.49838e-15  7.89869e-17
4980  4.51608e-15  8.61519e-17
5010  4.66309e-15  9.53448e-17
5040  4.9774e-15   9.95977e-17
5070  5.80436e-15  1.0185e-16
5100  7.38047e-15  1.24076e-16
5130  9.51929e-15  1.59311e-17
5160  1.13198e-14  1.79714e-17
5190  1.22385e-14  1.83352e-17
5220  1.22372e-14  1.75834e-17
5250  1.18056e-14  1.70218e-17
5280  1.1431e-14   1.69735e-17
5310  1.10748e-14  2.22021e-16
5340  1.05286e-14  2.28172e-16
5370  9.76922e-15  2.06324e-16
5400  9.12885e-15  1.76688e-16
5430  8.8387e-15   1.50018e-16
5460  8.76777e-15  1.30737e-16
5490  8.72804e-15  6.55526e-17
5520  8.50109e-15  5.39599e-17
5550  8.19219e-15  5.22611e-17
5580  7.75029e-15  1.44783e-17
5610  7.32129e-15  1.39675e-17
5640  6.94174e-15  1.33809e-17
5670  6.70346e-15  7.00831e-17
5700  6.59302e-15  7.13205e-17
5730  6.67781e-15  1.16353e-17
5760  6.99679e-15  1.07904e-17
5790  7.354e-15    1.0852e-17
5820  7.56881e-15  1.17138e-16
5850  7.79875e-15  1.2041e-16
5880  7.89785e-15  1.17266e-16
5910  7.65479e-15  1.15529e-17
5940  6.60007e-15  1.06859e-16
5970  5.01984e-15  8.4065e-17
6000  3.45268e-15  4.38667e-17
6030  2.40026e-15  7.39996e-18
6060  2.01083e-15  1.75559e-17
6090  2.29799e-15  4.02007e-17
6120  3.14118e-15  5.35287e-17
6150  4.18344e-15  5.78861e-17
6180  5.00685e-15  7.27475e-17
6210  5.48478e-15  8.54712e-17
6240  5.75249e-15  8.72875e-17
6270  5.90897e-15  8.23188e-17
6300  5.93369e-15  7.59769e-17
6330  5.83913e-15  7.62693e-17
6360  5.72976e-15  7.56844e-17
6390  5.71009e-15  4.9493e-17
6420  5.62607e-15  6.87552e-17
6450  5.48554e-15  7.30349e-17
6480  5.28984e-15  6.61244e-17
6510  5.05665e-15  5.21599e-17
6540  4.78499e-15  3.53284e-17
6570  4.46767e-15  7.18231e-18
6600  4.17089e-15  6.37934e-18
6630  3.88885e-15  6.29462e-18
6660  3.66118e-15  1.98764e-17
6690  3.42373e-15  5.52258e-18
6720  3.21497e-15  7.85928e-18
6750  3.04572e-15  1.76234e-17
6780  2.96856e-15  4.62202e-18
6810  2.90329e-15  4.71444e-18
6840  2.83098e-15  2.36815e-17
6870  2.70751e-15  2.56643e-17
6900  2.5778e-15   2.06601e-17
6930  2.47673e-15  1.41255e-17
6960  2.39569e-15  1.40156e-17
6990  2.31483e-15  1.79275e-17
7020  2.23913e-15  1.69784e-17
7050  2.17597e-15  1.15934e-17
7080  2.11456e-15  1.23331e-17
7110  2.05003e-15  2.14909e-17
7140  1.99779e-15  2.93616e-17
7170  1.9393e-15   3.76475e-18
7200  1.97666e-15  2.68821e-17
7230  1.97649e-15  2.41795e-17
7260  1.95261e-15  2.1986e-17
7290  1.90244e-15  1.74694e-17
7320  1.83766e-15  8.44312e-18
7350  1.77063e-15  2.69602e-18
7380  1.7084e-15   4.36625e-18
7410  1.64678e-15  1.06703e-17
7440  1.58346e-15  2.87061e-18
7470  1.54982e-15  5.74208e-18
7500  1.55214e-15  2.98969e-18
7530  1.59601e-15  4.01473e-17
7560  1.60677e-15  4.2627e-17
7590  1.55067e-15  2.7596e-18
7620  1.50106e-15  2.92792e-18
7650  1.43273e-15  1.76211e-17
7680  1.43699e-15  2.89895e-18
7710  1.44389e-15  3.15001e-18
7740  1.46471e-15  2.77634e-18
7770  1.50283e-15  3.2234e-18
7800  1.54516e-15  8.17307e-18
7830  1.60078e-15  3.10626e-18
7860  1.63788e-15  2.8659e-18
7890  1.64303e-15  2.9757e-18
7920  1.57085e-15  2.89782e-18
7950  1.39241e-15  1.08772e-17
7980  1.12205e-15  1.28757e-17
8010  8.62945e-16  1.58732e-17
8040  6.79096e-16  1.55344e-17
8070  5.54801e-16  1.55033e-18
8100  4.8634e-16   1.35588e-18
8130  4.37737e-16  1.265e-18
8160  4.1763e-16   1.20404e-18
8190  4.32934e-16  1.21386e-18
8220  4.65841e-16  8.15345e-18
8250  5.23711e-16  1.25623e-17
8280  6.35368e-16  6.64973e-18
8310  8.18844e-16  1.67069e-18
8340  1.05344e-15  1.95184e-18
8370  1.28674e-15  1.98973e-18
8400  1.46957e-15  2.48524e-18
8430  1.62645e-15  2.07932e-17
8460  1.74488e-15  2.74631e-17
8490  1.83743e-15  2.75354e-17
8520  1.909e-15    3.34228e-17
8550  1.96732e-15  4.01754e-17
8580  2.02361e-15  3.20229e-17
8610  2.08596e-15  1.21152e-17
8640  2.13033e-15  3.23022e-18
8670  2.14448e-15  2.0354e-17
8700  2.09867e-15  4.36151e-17
8730  2.03842e-15  5.4454e-17
8760  1.97675e-15  4.44883e-17
8790  1.90166e-15  3.34474e-18
8820  1.84815e-15  3.01057e-18
8850  1.71327e-15  3.01479e-18
8880  1.60779e-15  6.24029e-17
8910  1.5044e-15   1.00645e-16
8940  1.39762e-15  9.15666e-17
8970  1.28728e-15  5.97038e-17
9000  1.19105e-15  4.42427e-17