#11.88747633351568
3420  4.13881e-16  3.61096e-16
3450  4.45028e-16  3.7042e-16
3480  5.46555e-16  3.70845e-16
3510  7.75229e-16  4.24777e-16
3540  1.00646e-15  5.20784e-16
3570  1.09235e-15  5.83182e-16
3600  1.09913e-15  6.1783e-16
3630  1.17479e-15  6.54109e-16
3660  1.2851e-15   6.59397e-16
3690  1.27338e-15  5.93674e-16
3720  1.11698e-15  4.69457e-16
3750  8.7521e-16   3.88878e-16
3780  6.99935e-16  3.29652e-16
3810  7.06381e-16  3.06301e-16
3840  9.55669e-16  3.66536e-16
3870  1.35584e-15  4.85796e-16
3900  1.43417e-15  4.98515e-16
3930  1.4858e-15   5.01643e-16
3960  1.36466e-15  4.55632e-16
3990  1.17101e-15  4.31142e-16
4020  1.06776e-15  4.48579e-16
4050  1.0631e-15   4.66662e-16
4080  1.05252e-15  4.48559e-16
4110  1.01529e-15  4.09979e-16
4140  1.01883e-15  3.87839e-16
4170  1.05579e-15  3.85854e-16
4200  1.03723e-15  3.76307e-16
4230  9.45916e-16  3.43901e-16
4260  8.66582e-16  3.04515e-16
4290  8.39676e-16  2.81044e-16
4320  7.92339e-16  2.77071e-16
4350  6.97488e-16  2.87859e-16
4380  6.08969e-16  3.04675e-16
4410  6.03084e-16  3.34039e-16
4440  6.90573e-16  3.78092e-16
4470  8.20568e-16  4.11881e-16
4500  9.53025e-16  4.12503e-16
4530  1.08647e-15  3.9813e-16
4560  1.20454e-15  4.05506e-16
4590  1.22234e-15  4.21288e-16
4620  1.07119e-15  3.44503e-16
4650  9.54894e-16  3.15986e-16
4680  8.17579e-16  2.77024e-16
4710  6.9015e-16   2.53614e-16
4740  6.1097e-16   2.4589e-16
4770  5.83637e-16  2.39628e-16
4800  5.51109e-16  2.23101e-16
4830  4.96307e-16  1.99374e-16
4860  4.97009e-16  1.91156e-16
4890  5.82898e-16  2.06461e-16
4920  6.45679e-16  2.18599e-16
4950  5.92796e-16  2.03721e-16
4980  4.93418e-16  1.7774e-16
5010  4.71552e-16  1.71624e-16
5040  5.31847e-16  1.9043e-16
5070  5.90109e-16  2.14503e-16
5100  6.14849e-16  2.29021e-16
5130  6.40842e-16  2.37121e-16
5160  6.87559e-16  2.48207e-16
5190  1.03168e-15  3.31906e-16
5220  1.05748e-15  3.28601e-16
5250  8.34851e-16  2.68561e-16
5280  7.49144e-16  2.33884e-16
5310  7.11047e-16  2.3521e-16
5340  6.98412e-16  2.61282e-16
5370  6.84806e-16  2.76698e-16
5400  6.60299e-16  2.62829e-16
5430  6.32067e-16  2.36639e-16
5460  6.12722e-16  2.24494e-16
5490  6.05135e-16  2.37193e-16
5520  5.99285e-16  2.6153e-16
5550  5.83202e-16  2.77391e-16
5580  5.60058e-16  2.80469e-16
5610  5.36881e-16  2.75185e-16
5640  5.10702e-16  2.66304e-16
5670  4.3603e-16   2.10505e-16
5700  4.15396e-16  2.0346e-16
5730  4.23069e-16  2.00046e-16
5760  4.69045e-16  2.0519e-16
5790  5.37787e-16  2.15738e-16
5820  5.96339e-16  2.21387e-16
5850  6.20494e-16  2.19817e-16
5880  6.08272e-16  2.18497e-16
5910  5.71722e-16  2.20648e-16
5940  5.27862e-16  2.20958e-16
5970  4.95993e-16  2.17478e-16
6000  4.85344e-16  2.14445e-16
6030  4.71118e-16  2.06232e-16
6060  4.05978e-16  1.77827e-16
6090  2.87818e-16  1.33557e-16
6120  1.90675e-16  1.02978e-16
6150  1.87506e-16  1.04796e-16
6180  2.64856e-16  1.33327e-16
6210  3.48788e-16  1.66712e-16
6240  3.93236e-16  1.87828e-16
6270  4.0572e-16   1.96003e-16
6300  4.06957e-16  1.94439e-16
6330  4.04292e-16  1.85481e-16
6360  3.98882e-16  1.7572e-16
6390  3.94493e-16  1.71933e-16
6420  3.93246e-16  1.7242e-16
6450  3.93188e-16  1.71459e-16
6480  3.92381e-16  1.69952e-16
6510  3.89517e-16  1.73434e-16
6540  3.79747e-16  1.80424e-16
6570  3.56733e-16  1.79091e-16
6600  3.23201e-16  1.64763e-16
6630  2.91214e-16  1.49399e-16
6660  2.68986e-16  1.4457e-16
6690  2.54915e-16  1.48471e-16
6720  2.43813e-16  1.50717e-16
6750  2.34056e-16  1.4677e-16
6780  2.26292e-16  1.40623e-16
6810  2.18149e-16  1.35704e-16
6840  2.07065e-16  1.31906e-16
6870  1.96099e-16  1.29899e-16
6900  1.90407e-16  1.31271e-16
6930  1.8932e-16   1.335e-16
6960  1.87067e-16  1.3132e-16
6990  1.80613e-16  1.2455e-16
7020  1.72747e-16  1.18774e-16
7050  1.67747e-16  1.17535e-16
7080  1.66969e-16  1.19525e-16
7110  1.69112e-16  1.2143e-16
7140  1.718e-16    1.22303e-16
7170  1.73619e-16  1.23061e-16
7200  1.7471e-16   1.23499e-16
7230  1.45318e-16  1.4896e-17
7260  1.43201e-16  1.59419e-17
7290  1.36349e-16  1.33133e-17
7320  1.26742e-16  1.01275e-17
7350  1.17848e-16  8.00479e-18
7380  1.09766e-16  4.79998e-18
7410  1.00656e-16  5.29713e-18
7440  9.22102e-17  7.61191e-18
7470  8.9033e-17   6.4993e-18
7500  9.17074e-17  4.64354e-18
7530  9.46341e-17  3.96898e-18
7560  9.33965e-17  3.82632e-18
7590  9.07798e-17  3.86328e-18
7620  9.14969e-17  2.8053e-18
7650  9.57663e-17  3.46696e-18
7680  1.00488e-16  7.53409e-18
7710  1.05265e-16  8.85813e-18
7740  1.11578e-16  6.60728e-18
7770  1.1836e-16   3.67442e-18
7800  1.23436e-16  9.04724e-19
7830  1.27522e-16  2.3052e-18
7860  1.28812e-16  6.13897e-18
7890  1.25109e-16  7.12738e-18
7920  1.17303e-16  5.11657e-18
7950  1.10564e-16  2.56683e-18
7980  1.07176e-16  1.32017e-18
8010  1.05225e-16  3.62033e-18
8040  1.02616e-16  4.79769e-18
8070  1.01808e-16  3.91621e-18
8100  1.00819e-16  2.08575e-18
8130  9.25025e-17  4.30759e-18
8160  7.43476e-17  9.72061e-18
8190  5.59757e-17  1.37448e-17
8220  4.94839e-17  1.42053e-17
8250  5.58224e-17  1.18858e-17
8280  6.4406e-17   9.15524e-18
8310  6.63322e-17  7.2108e-18
8340  6.4672e-17   6.77142e-18
8370  6.95765e-17  7.67419e-18
8400  8.57863e-17  9.02464e-18
8430  1.07797e-16  1.06827e-17
8460  1.25883e-16  1.15433e-17
8490  1.34999e-16  1.03762e-17
8520  1.3804e-16   9.43445e-18
8550  1.40797e-16  1.10617e-17
8580  1.45194e-16  1.31411e-17
8610  1.4905e-16   1.27704e-17
8640  1.49755e-16  1.18305e-17
8670  1.45946e-16  1.30555e-17
8700  1.38479e-16  1.41634e-17
8730  1.30985e-16  1.24266e-17
8760  1.26488e-16  9.97483e-18
8790  1.22932e-16  9.84423e-18
8820  1.15756e-16  1.02324e-17
8850  1.04806e-16  8.62967e-18
8880  9.44271e-17  7.20509e-18
8910  8.74001e-17  7.77941e-18
8940  8.32302e-17  7.72577e-18
8970  8.14083e-17  5.46924e-18
9000  8.1357e-17   4.08002e-18