#2.9198448869004068
3420  2.51501e-15  9.18925e-16
3450  2.75383e-15  1.06568e-15
3480  3.09624e-15  1.14283e-15
3510  3.53797e-15  1.19951e-15
3540  3.97842e-15  1.28145e-15
3570  4.27101e-15  1.33691e-15
3600  4.10926e-15  1.28187e-15
3630  3.42444e-15  1.06176e-15
3660  2.54011e-15  7.90607e-16
3690  2.04123e-15  6.28095e-16
3720  1.91595e-15  5.34031e-16
3750  1.97858e-15  5.88435e-16
3780  2.01506e-15  5.97453e-16
3810  2.2589e-15   6.46002e-16
3840  2.98271e-15  8.4295e-16
3870  4.00791e-15  1.12698e-15
3900  4.72171e-15  1.32492e-15
3930  4.68034e-15  1.30735e-15
3960  4.22659e-15  1.20846e-15
3990  3.96379e-15  1.15536e-15
4020  4.17317e-15  1.21008e-15
4050  4.48884e-15  1.28218e-15
4080  4.46041e-15  1.27249e-15
4110  4.1565e-15   1.20115e-15
4140  3.91449e-15  1.14083e-15
4170  3.76949e-15  1.09367e-15
4200  3.47923e-15  1.00295e-15
4230  2.97313e-15  8.58024e-16
4260  2.53658e-15  7.24594e-16
4290  2.37889e-15  6.82973e-16
4320  2.47197e-15  7.33901e-16
4350  2.63335e-15  7.86305e-16
4380  2.6477e-15   7.79569e-16
4410  2.64773e-15  7.54634e-16
4440  2.81304e-15  7.83719e-16
4470  3.04934e-15  8.55009e-16
4500  3.14463e-15  9.04581e-16
4530  3.12573e-15  9.15914e-16
4560  3.09024e-15  9.19943e-16
4590  3.0036e-15   9.07352e-16
4620  2.79594e-15  8.45485e-16
4650  2.52207e-15  7.55103e-16
4680  2.29904e-15  6.87196e-16
4710  2.17672e-15  6.56879e-16
4740  2.13377e-15  6.47007e-16
4770  2.06529e-15  6.33059e-16
4800  1.89382e-15  5.88271e-16
4830  1.69717e-15  5.24661e-16
4860  1.65176e-15  4.98362e-16
4890  1.75455e-15  5.28354e-16
4920  1.79873e-15  5.56204e-16
4950  1.69715e-15  5.38368e-16
4980  1.61396e-15  5.09939e-16
5010  1.70889e-15  5.27982e-16
5040  1.92764e-15  5.92147e-16
5070  2.1169e-15   6.44755e-16
5100  2.17318e-15  6.50599e-16
5130  2.16285e-15  6.36114e-16
5160  2.17546e-15  6.33027e-16
5190  2.10191e-15  6.36514e-16
5220  1.84011e-15  5.74422e-16
5250  1.51688e-15  4.91351e-16
5280  1.36565e-15  4.52118e-16
5310  1.44491e-15  4.74901e-16
5340  1.58153e-15  5.15759e-16
5370  1.58039e-15  5.16021e-16
5400  1.42259e-15  4.68742e-16
5430  1.2715e-15   4.25759e-16
5460  1.29345e-15  4.34678e-16
5490  1.4775e-15   4.89774e-16
5520  1.66562e-15  5.43528e-16
5550  1.7623e-15   5.58742e-16
5580  1.76702e-15  5.46084e-16
5610  1.75195e-15  5.32998e-16
5640  1.74384e-15  5.28877e-16
5670  1.7086e-15   5.22703e-16
5700  1.62398e-15  5.03897e-16
5730  1.52511e-15  4.80594e-16
5760  1.48139e-15  4.70772e-16
5790  1.51612e-15  4.7991e-16
5820  1.55792e-15  4.96843e-16
5850  1.57091e-15  5.06588e-16
5880  1.55684e-15  5.04714e-16
5910  1.52744e-15  4.94263e-16
5940  1.49822e-15  4.81739e-16
5970  1.48272e-15  4.72217e-16
6000  1.44201e-15  4.55415e-16
6030  1.26885e-15  4.06074e-16
6060  9.52496e-16  3.14804e-16
6090  6.36305e-16  2.20286e-16
6120  5.1516e-16   1.78614e-16
6150  6.34367e-16  2.0843e-16
6180  8.67214e-16  2.76947e-16
6210  1.06269e-15  3.35987e-16
6240  1.16705e-15  3.67586e-16
6270  1.20496e-15  3.8155e-16
6300  1.20754e-15  3.87109e-16
6330  1.1886e-15   3.84204e-16
6360  1.15677e-15  3.73689e-16
6390  1.11977e-15  3.60697e-16
6420  1.08096e-15  3.48787e-16
6450  1.04187e-15  3.38027e-16
6480  1.00559e-15  3.27443e-16
6510  9.73382e-16  3.16774e-16
6540  9.41012e-16  3.05839e-16
6570  9.03635e-16  2.93119e-16
6600  8.63281e-16  2.77512e-16
6630  8.25405e-16  2.61634e-16
6660  7.88574e-16  2.49424e-16
6690  7.4797e-16   2.40015e-16
6720  7.09465e-16  2.28987e-16
6750  6.85461e-16  2.16528e-16
6780  6.74932e-16  2.08852e-16
6810  6.63296e-16  2.06992e-16
6840  6.42469e-16  2.04563e-16
6870  6.19568e-16  1.98541e-16
6900  6.03465e-16  1.92808e-16
6930  5.92429e-16  1.89927e-16
6960  5.79644e-16  1.86789e-16
6990  5.64676e-16  1.82066e-16
7020  5.53725e-16  1.7926e-16
7050  5.50111e-16  1.80068e-16
7080  5.49497e-16  1.81787e-16
7110  5.46347e-16  1.81917e-16
7140  5.41306e-16  1.80948e-16
7170  5.38641e-16  1.8002e-16
7200  5.38863e-16  1.7936e-16
7230  5.37184e-16  1.79821e-16
7260  4.05364e-16  4.70871e-17
7290  3.80694e-16  4.2165e-17
7320  3.63552e-16  4.24674e-17
7350  3.56569e-16  4.65892e-17
7380  3.42605e-16  3.57983e-17
7410  3.20152e-16  1.72762e-17
7440  3.22959e-16  1.1591e-17
7470  2.72824e-16  2.91096e-17
7500  2.92567e-16  3.86427e-17
7530  3.15936e-16  5.16681e-17
7560  3.23309e-16  5.12296e-17
7590  3.20888e-16  5.3607e-17
7620  3.20658e-16  6.18735e-17
7650  3.25309e-16  6.62872e-17
7680  3.31536e-16  6.3182e-17
7710  3.38369e-16  5.99477e-17
7740  3.47724e-16  6.12186e-17
7770  3.58567e-16  6.52996e-17
7800  3.64092e-16  6.88378e-17
7830  3.586e-16    7.054e-17
7860  3.45209e-16  7.0348e-17
7890  3.31139e-16  6.95929e-17
7920  3.17783e-16  6.93718e-17
7950  3.01276e-16  6.89958e-17
7980  2.82486e-16  6.77102e-17
8010  2.71308e-16  6.54506e-17
8040  2.74917e-16  6.46578e-17
8070  2.87714e-16  6.5436e-17
8100  2.923e-16    6.60422e-17
8130  2.75701e-16  6.54536e-17
8160  2.46024e-16  6.2658e-17
8190  2.24962e-16  5.84778e-17
8220  2.24758e-16  5.46651e-17
8250  2.36501e-16  5.23905e-17
8280  2.42627e-16  5.16267e-17
8310  2.41261e-16  5.02381e-17
8340  2.47999e-16  4.74924e-17
8370  2.73473e-16  4.61614e-17
8400  3.09094e-16  4.91586e-17
8430  3.36782e-16  5.52932e-17
8460  3.48803e-16  6.12397e-17
8490  3.5103e-16   6.56681e-17
8520  3.5135e-16   6.81094e-17
8550  3.51257e-16  6.71653e-17
8580  3.47795e-16  6.36206e-17
8610  3.40495e-16  6.15298e-17
8640  3.34378e-16  6.34122e-17
8670  3.32975e-16  6.68244e-17
8700  3.32201e-16  6.76864e-17
8730  3.2485e-16   6.50487e-17
8760  3.07915e-16  6.238e-17
8790  2.84769e-16  6.39723e-17
8820  2.62339e-16  6.91846e-17
8850  2.45744e-16  7.28939e-17
8880  2.3643e-16   7.24873e-17
8910  2.32748e-16  7.13636e-17
8940  2.31376e-16  7.3338e-17
8970  2.30508e-16  7.74787e-17
9000  2.29591e-16  7.92201e-17