#-0.5569567881074526
3420  1.30681e-14  5.04199e-15
3450  1.35283e-14  5.12508e-15
3480  2.71751e-14  1.23837e-14
3510  3.38116e-14  1.62142e-14
3540  3.88873e-14  1.95055e-14
3570  3.95243e-14  2.01612e-14
3600  3.84255e-14  1.95463e-14
3630  3.84974e-14  2.05156e-14
3660  3.72825e-14  2.13984e-14
3690  3.14576e-14  1.9086e-14
3720  2.34185e-14  1.41036e-14
3750  1.83763e-14  1.00973e-14
3780  1.81648e-14  8.88012e-15
3810  2.23402e-14  1.06844e-14
3840  3.12722e-14  1.5294e-14
3870  4.44765e-14  2.25533e-14
3900  5.66077e-14  2.9567e-14
3930  6.0061e-14   3.1854e-14
3960  5.36377e-14  2.84345e-14
3990  4.56404e-14  2.35205e-14
4020  4.48201e-14  2.26747e-14
4050  5.0409e-14   2.54409e-14
4080  5.48461e-14  2.79704e-14
4110  5.4121e-14   2.81279e-14
4140  5.08186e-14  2.70674e-14
4170  4.82187e-14  2.62363e-14
4200  4.59329e-14  2.53158e-14
4230  4.19671e-14  2.33671e-14
4260  3.63788e-14  2.04266e-14
4290  3.16409e-14  1.75162e-14
4320  2.98824e-14  1.57083e-14
4350  3.04409e-14  1.52734e-14
4380  3.10471e-14  1.55692e-14
4410  3.13326e-14  1.61015e-14
4440  3.33864e-14  1.73925e-14
4470  3.81418e-14  2.00258e-14
4500  4.31795e-14  2.31468e-14
4530  4.55738e-14  2.50509e-14
4560  4.51684e-14  2.51797e-14
4590  4.33705e-14  2.42323e-14
4620  4.05279e-14  2.26073e-14
4650  3.64017e-14  2.01887e-14
4680  3.19218e-14  1.73958e-14
4710  2.88799e-14  1.53506e-14
4740  2.7986e-14   1.46546e-14
4770  2.76581e-14  1.44752e-14
4800  2.56545e-14  1.35209e-14
4830  2.24282e-14  1.1942e-14
4860  2.10513e-14  1.13253e-14
4890  2.26996e-14  1.23071e-14
4920  2.42336e-14  1.32537e-14
4950  2.32645e-14  1.28245e-14
4980  2.1973e-14   1.17716e-14
5010  2.22082e-14  1.15615e-14
5040  2.4434e-14   1.26372e-14
5070  2.70832e-14  1.42361e-14
5100  2.87635e-14  1.55431e-14
5130  2.9526e-14   1.62859e-14
5160  3.00571e-14  1.66674e-14
5190  2.9955e-14   1.67552e-14
5220  2.77606e-14  1.59474e-14
5250  2.34212e-14  1.38388e-14
5280  1.95072e-14  1.15487e-14
5310  1.86294e-14  1.04404e-14
5340  2.0398e-14   1.10728e-14
5370  2.19352e-14  1.21456e-14
5400  2.09933e-14  1.20801e-14
5430  1.81898e-14  1.06099e-14
5460  1.63847e-14  9.10014e-15
5490  1.7736e-14   9.19734e-15
5520  2.1337e-14   1.10433e-14
5550  2.43064e-14  1.31271e-14
5580  2.51042e-14  1.3989e-14
5610  2.47285e-14  1.37163e-14
5640  2.45611e-14  1.32806e-14
5670  2.43812e-14  1.30049e-14
5700  2.32204e-14  1.24595e-14
5730  2.12813e-14  1.15242e-14
5760  1.9944e-14   1.07793e-14
5790  2.00327e-14  1.06335e-14
5820  2.09589e-14  1.11468e-14
5850  2.16959e-14  1.16139e-14
5880  2.18674e-14  1.17134e-14
5910  2.16947e-14  1.15269e-14
5940  2.15813e-14  1.13365e-14
5970  2.17799e-14  1.14006e-14
6000  2.1647e-14   1.14804e-14
6030  1.95584e-14  1.06337e-14
6060  1.48783e-14  8.26578e-15
6090  9.64313e-15  5.31159e-15
6120  6.82895e-15  3.47866e-15
6150  7.36123e-15  3.45946e-15
6180  9.98547e-15  4.66881e-15
6210  1.32584e-14  6.35107e-15
6240  1.64039e-14  8.0734e-15
6270  1.88438e-14  9.46203e-15
6300  2.01339e-14  1.02104e-14
6330  2.03685e-14  1.03552e-14
6360  2.00272e-14  1.01815e-14
6390  1.94145e-14  9.87799e-15
6420  1.85781e-14  9.47014e-15
6450  1.76372e-14  8.99733e-15
6480  1.68213e-14  8.55715e-15
6510  1.62143e-14  8.19918e-15
6540  1.56871e-14  7.88682e-15
6570  1.5088e-14   7.55477e-15
6600  1.44124e-14  7.17582e-15
6630  1.37859e-14  6.79411e-15
6660  1.32863e-14  6.47423e-15
6690  1.28103e-14  6.19524e-15
6720  1.22138e-14  5.8707e-15
6750  1.15777e-14  5.51424e-15
6780  1.11586e-14  5.26866e-15
6810  1.10284e-14  5.19547e-15
6840  1.09524e-14  5.16017e-15
6870  1.07144e-14  5.02249e-15
6900  1.03884e-14  4.82696e-15
6930  1.01719e-14  4.70123e-15
6960  1.00891e-14  4.66003e-15
6990  1.00069e-14  4.62004e-15
7020  9.86124e-15  4.54583e-15
7050  9.72179e-15  4.477e-15
7080  9.65265e-15  4.43818e-15
7110  9.61958e-15  4.40185e-15
7140  9.54535e-15  4.33966e-15
7170  9.39341e-15  4.25734e-15
7200  9.18176e-15  4.17076e-15
7230  8.95413e-15  4.08951e-15
7260  8.75291e-15  4.03248e-15
7290  8.59736e-15  4.01802e-15
7320  8.48579e-15  4.03353e-15
7350  8.41598e-15  4.05164e-15
7380  5.52579e-15  5.0913e-16
7410  5.0121e-15   2.99536e-16
7440  4.46584e-15  2.60706e-16
7470  4.05761e-15  2.44337e-16
7500  4.06099e-15  2.50496e-16
7530  4.38663e-15  2.5399e-16
7560  4.7648e-15   2.65148e-16
7590  5.0292e-15   3.08915e-16
7620  5.15998e-15  3.59382e-16
7650  5.47535e-15  6.91553e-16
7680  5.20317e-15  3.05141e-16
7710  5.28999e-15  2.87447e-16
7740  5.47639e-15  3.20281e-16
7770  5.67012e-15  3.46052e-16
7800  5.77872e-15  3.25165e-16
7830  5.80696e-15  2.89917e-16
7860  5.76828e-15  2.65179e-16
7890  5.65676e-15  2.41077e-16
7920  5.48693e-15  2.22166e-16
7950  5.28026e-15  2.3093e-16
7980  5.029e-15    2.49646e-16
8010  4.75669e-15  2.33419e-16
8040  4.55754e-15  1.91519e-16
8070  4.43906e-15  1.81138e-16
8100  4.21471e-15  2.11005e-16
8130  3.73057e-15  2.21626e-16
8160  3.1174e-15   1.80554e-16
8190  2.67173e-15  1.28185e-16
8220  2.52523e-15  1.21593e-16
8250  2.56566e-15  1.6149e-16
8280  2.64646e-15  1.8682e-16
8310  2.76538e-15  1.77413e-16
8340  3.03443e-15  1.83274e-16
8370  3.54852e-15  2.44587e-16
8400  4.19509e-15  3.05658e-16
8430  4.80553e-15  3.06021e-16
8460  5.30218e-15  3.05721e-16
8490  5.61963e-15  3.19539e-16
8520  5.78485e-15  3.35661e-16
8550  5.84868e-15  3.31493e-16
8580  5.84145e-15  3.00534e-16
8610  5.78757e-15  2.76087e-16
8640  5.7123e-15   2.79228e-16
8670  5.6202e-15   3.07593e-16
8700  5.50834e-15  3.48925e-16
8730  5.39312e-15  3.71688e-16
8760  5.25185e-15  3.95176e-16
8790  4.97569e-15  4.38161e-16
8820  4.5131e-15   4.87259e-16
8850  4.01681e-15  5.17463e-16
8880  3.70664e-15  5.28268e-16
8910  3.63468e-15  5.32498e-16
8940  3.67643e-15  5.36984e-16
8970  3.70604e-15  5.37918e-16
9000  3.68286e-15  5.31087e-16