#62.34915526950953
3780  1.44616e-16  9.07937e-18
3810  2.11446e-16  7.0101e-17
3840  3.9214e-16   1.81879e-17
3870  6.15979e-16  2.23709e-17
3900  7.90537e-16  2.26905e-17
3930  8.82007e-16  2.08408e-17
3960  8.95291e-16  1.78812e-17
3990  8.28358e-16  1.99508e-16
4020  6.93606e-16  1.28393e-16
4050  5.51072e-16  2.07828e-17
4080  4.69036e-16  2.06842e-17
4110  4.62692e-16  1.94645e-17
4140  4.96387e-16  1.9211e-17
4170  5.36833e-16  1.94696e-17
4200  5.73316e-16  1.84886e-17
4230  6.0084e-16   1.62175e-17
4260  6.14128e-16  1.35923e-17
4290  6.13946e-16  2.0639e-16
4320  6.00362e-16  1.95082e-16
4350  5.54064e-16  1.79937e-16
4380  4.70578e-16  1.64663e-16
4410  3.85734e-16  1.74574e-16
4440  3.67264e-16  1.95298e-17
4470  4.47813e-16  2.21826e-17
4500  5.96332e-16  2.42012e-17
4530  7.65928e-16  2.48318e-17
4560  9.46505e-16  2.36515e-17
4590  1.13073e-15  2.11023e-17
4620  1.25836e-15  1.76218e-17
4650  1.25406e-15  1.3497e-17
4680  1.11466e-15  9.47643e-17
4710  9.05349e-16  8.11719e-17
4740  6.85429e-16  7.97453e-17
4770  4.90069e-16  8.79961e-17
4800  3.68555e-16  9.15584e-17
4830  3.53835e-16  8.10932e-17
4860  4.02193e-16  9.57755e-18
4890  4.39022e-16  9.29009e-18
4920  4.53913e-16  9.13486e-17
4950  4.77944e-16  1.03095e-16
4980  4.97595e-16  1.12428e-16
5010  4.69677e-16  1.24426e-16
5040  4.12819e-16  1.30018e-16
5070  4.0133e-16   1.32959e-16
5100  4.59635e-16  1.61969e-16
5130  5.31057e-16  1.84525e-17
5160  5.6131e-16   2.07809e-17
5190  5.69409e-16  2.11958e-17
5220  6.08955e-16  2.03323e-17
5250  6.93005e-16  1.96819e-17
5280  7.85029e-16  1.9617e-17
5310  8.57807e-16  2.89437e-16
5340  9.21813e-16  2.973e-16
5370  9.80076e-16  2.68812e-16
5400  9.93119e-16  2.3038e-16
5430  9.33663e-16  1.95788e-16
5460  8.58481e-16  1.70543e-16
5490  8.61663e-16  8.26978e-17
5520  9.53356e-16  6.79922e-17
5550  1.03842e-15  6.56756e-17
5580  1.0258e-15   1.67511e-17
5610  9.11598e-16  1.61652e-17
5640  7.55041e-16  1.54874e-17
5670  6.17437e-16  9.02276e-17
5700  5.39796e-16  9.17506e-17
5730  5.44701e-16  1.35031e-17
5760  6.34513e-16  1.27038e-17
5790  7.88778e-16  1.29053e-17
5820  9.63561e-16  1.52926e-16
5850  1.09526e-15  1.57197e-16
5880  1.13305e-15  1.53093e-16
5910  1.07471e-15  1.33821e-17
5940  9.601e-16    1.39295e-16
5970  8.24453e-16  1.09703e-16
6000  6.85162e-16  5.72654e-17
6030  5.73049e-16  9.33127e-18
6060  5.21231e-16  2.27797e-17
6090  5.23966e-16  5.24828e-17
6120  5.38106e-16  6.98828e-17
6150  5.4115e-16   7.55435e-17
6180  5.55579e-16  9.49593e-17
6210  5.99125e-16  1.11584e-16
6240  6.37384e-16  1.13955e-16
6270  6.14056e-16  1.0746e-16
6300  5.22814e-16  9.91614e-17
6330  4.24885e-16  9.95503e-17
6360  3.91967e-16  9.8555e-17
6390  4.433e-16    6.23197e-17
6420  5.48778e-16  8.74591e-17
6450  6.61508e-16  9.37385e-17
6480  7.5302e-16   8.50348e-17
6510  8.12681e-16  6.61193e-17
6540  8.31788e-16  4.46164e-17
6570  7.90703e-16  8.35101e-18
6600  6.86911e-16  7.56321e-18
6630  5.49255e-16  7.32703e-18
6660  4.18076e-16  2.50464e-17
6690  3.1598e-16   6.43284e-18
6720  2.4302e-16   9.9251e-18
6750  1.94152e-16  2.24697e-17
6780  1.69636e-16  5.38143e-18
6810  1.68381e-16  5.48278e-18
6840  1.8093e-16   3.01244e-17
6870  1.94843e-16  3.29895e-17
6900  2.03335e-16  2.64166e-17
6930  2.06525e-16  1.80036e-17
6960  2.07019e-16  1.78847e-17
6990  2.06427e-16  2.29639e-17
7020  2.04605e-16  2.17455e-17
7050  2.03387e-16  1.47547e-17
7080  2.10416e-16  1.57158e-17
7110  2.32898e-16  2.75486e-17
7140  2.66695e-16  3.77726e-17
7170  3.00088e-16  4.34875e-18
7200  3.29104e-16  3.46029e-17
7230  3.6061e-16   3.11551e-17
7260  3.95017e-16  2.84236e-17
7290  4.18114e-16  2.25907e-17
7320  4.14547e-16  1.08085e-17
7350  3.87302e-16  3.40312e-18
7380  3.61381e-16  5.55936e-18
7410  3.6418e-16   1.36864e-17
7440  3.961e-16    3.38679e-18
7470  4.25008e-16  7.26656e-18
7500  4.20055e-16  3.4697e-18
7530  3.84174e-16  5.1022e-17
7560  3.43281e-16  5.38856e-17
7590  3.12024e-16  3.21403e-18
7620  2.95416e-16  3.38204e-18
7650  3.07766e-16  2.24338e-17
7680  3.56215e-16  3.37214e-18
7710  4.1694e-16   3.64641e-18
7740  4.52727e-16  3.45427e-18
7770  4.50601e-16  3.7313e-18
7800  4.25913e-16  1.03461e-17
7830  3.93535e-16  3.71624e-18
7860  3.54299e-16  3.45039e-18
7890  3.08082e-16  3.46903e-18
7920  2.60169e-16  3.35937e-18
7950  2.13404e-16  1.3807e-17
7980  1.66995e-16  1.63581e-17
8010  1.21306e-16  2.01159e-17
8040  7.89192e-17  1.95975e-17
8070  4.48872e-17  1.79279e-18
8100  2.45221e-17  1.56754e-18
8130  1.68246e-17  1.46103e-18
8160  1.53679e-17  1.39077e-18
8190  1.72712e-17  1.403e-18
8220  2.35599e-17  1.01836e-17
8250  3.04866e-17  1.58647e-17
8280  3.2354e-17   8.35201e-18
8310  3.71991e-17  1.94202e-18
8340  6.40207e-17  2.26855e-18
8370  1.15545e-16  2.46816e-18
8400  1.69083e-16  2.89321e-18
8430  2.0316e-16   2.68133e-17
8460  2.20548e-16  3.55637e-17
8490  2.34158e-16  3.56623e-17
8520  2.43237e-16  4.33672e-17
8550  2.41687e-16  5.21509e-17
8580  2.40258e-16  4.12548e-17
8610  2.54533e-16  1.5221e-17
8640  2.72742e-16  3.76704e-18
8670  2.66796e-16  2.57102e-17
8700  2.42898e-16  5.6522e-17
8730  2.44749e-16  7.07224e-17
8760  2.83716e-16  5.7693e-17
8790  3.0732e-16   3.86826e-18
8820  2.71207e-16  3.50827e-18
8850  2.0938e-16   3.48927e-18
8880  1.8359e-16   8.10207e-17
8910  1.97881e-16  1.30453e-16
8940  2.07397e-16  1.18693e-16
8970  1.88844e-16  7.73497e-17
9000  1.60267e-16  5.71932e-17