#22.389043845040124
3210  -9.72633e-17  4.41731e-15
3240  -1.35326e-16  5.99633e-15
3270  -1.91436e-16  8.64242e-15
3300  -2.53479e-16  1.07572e-14
3330  -2.73432e-16  1.11797e-14
3360  -2.26812e-16  1.06148e-14
3390  -1.71921e-16  1.05727e-14
3420  -1.89967e-16  1.14094e-14
3450  -2.5721e-16   1.22117e-14
3480   1.59531e-16  1.05094e-14
3510   2.67888e-16  9.30856e-15
3540   3.46893e-16  7.69677e-15
3570   7.03001e-16  5.32277e-15
3600   6.32076e-16  6.15287e-15
3630   6.51916e-16  7.83773e-15
3660   9.15036e-16  9.33743e-15
3690   1.19593e-15  8.51291e-15
3720   1.07228e-15  6.41749e-15
3750   6.43541e-16  4.79213e-15
3780   4.34471e-16  3.11362e-15
3810   7.17599e-16  3.76793e-15
3840   1.09791e-15  5.07262e-15
3870   1.21477e-15  6.87569e-15
3900   1.28338e-15  8.44648e-15
3930   1.61271e-15  8.63815e-15
3960   1.98639e-15  7.46564e-15
3990   1.56811e-15  5.9211e-15
4020   1.38837e-15  6.03519e-15
4050   1.2186e-15   6.52724e-15
4080   1.1188e-15   6.29185e-15
4110   1.00962e-15  5.60648e-15
4140   9.3576e-16   5.30746e-15
4170   9.83826e-16  5.34979e-15
4200   1.08177e-15  5.15293e-15
4230   1.14419e-15  4.66975e-15
4260   1.23326e-15  4.26344e-15
4290   1.36028e-15  4.03703e-15
4320   1.35294e-15  3.8613e-15
4350   1.12457e-15  3.76102e-15
4380   8.53799e-16  3.93971e-15
4410   7.15017e-16  4.48973e-15
4440   6.6878e-16   5.19661e-15
4470   7.07757e-16  5.67913e-15
4500   1.04831e-15  5.76877e-15
4530   1.82495e-15  5.64779e-15
4560   2.76822e-15  5.53133e-15
4590   3.37318e-15  5.35376e-15
4620   3.29661e-15  4.99675e-15
4650   2.59175e-15  4.60224e-15
4680   1.69982e-15  4.37263e-15
4710   1.17099e-15  4.3008e-15
4740   1.24707e-15  4.29248e-15
4770   1.67481e-15  4.24291e-15
4800   1.99451e-15  3.96699e-15
4830   2.0691e-15   3.47181e-15
4860   2.19007e-15  3.11757e-15
4890   2.53589e-15  3.14789e-15
4920   2.7939e-15   3.33856e-15
4950   2.59499e-15  3.39264e-15
4980   2.09007e-15  3.16197e-15
5010   1.63681e-15  3.1428e-15
5040   1.38896e-15  3.15665e-15
5070   1.21638e-15  3.14933e-15
5100   1.07469e-15  3.11149e-15
5130   1.12231e-15  3.79546e-15
5160   1.35428e-15  4.02261e-15
5190   1.79917e-15  3.94432e-15
5220   2.36531e-15  3.56545e-15
5250   2.85748e-15  3.1093e-15
5280   3.02806e-15  2.94974e-15
5310   2.84712e-15  3.03015e-15
5340   2.71497e-15  3.1458e-15
5370   2.96894e-15  3.06141e-15
5400   3.47864e-15  2.81229e-15
5430   3.8328e-15   2.65889e-15
5460   3.81564e-15  2.77035e-15
5490   3.53033e-15  3.02661e-15
5520   3.16581e-15  3.18656e-15
5550   2.81561e-15  3.19227e-15
5580   2.48458e-15  3.16033e-15
5610   2.14853e-15  3.1802e-15
5640   1.80889e-15  3.20569e-15
5670   1.54473e-15  3.13718e-15
5700   1.47468e-15  2.94655e-15
5730   1.62542e-15  2.72564e-15
5760   1.87516e-15  2.40058e-15
5790   2.14877e-15  2.46268e-15
5820   2.40935e-15  2.60311e-15
5850   2.53871e-15  2.71688e-15
5880   2.4236e-15   2.76727e-15
5910   2.10933e-15  2.7821e-15
5940   1.7869e-15   2.78911e-15
5970   1.60427e-15  2.75655e-15
6000   1.57842e-15  2.60058e-15
6030   1.64837e-15  2.2689e-15
6060   1.68901e-15  1.82802e-15
6090   1.56356e-15  1.44833e-15
6120   1.29742e-15  1.35145e-15
6150   1.12825e-15  1.43354e-15
6180   1.17195e-15  1.70626e-15
6210   1.31546e-15  2.03837e-15
6240   1.43407e-15  2.30176e-15
6270   1.57285e-15  2.32304e-15
6300   1.80561e-15  2.31902e-15
6330   2.10097e-15  2.45646e-15
6360   2.37067e-15  2.49134e-15
6390   2.57384e-15  2.37274e-15
6420   2.6731e-15   2.33299e-15
6450   2.7283e-15   2.26458e-15
6480   2.7374e-15   2.21875e-15
6510   2.65851e-15  2.19126e-15
6540   2.46115e-15  2.14582e-15
6570   2.17044e-15  2.07403e-15
6600   1.86181e-15  2.00469e-15
6630   1.611e-15    1.96045e-15
6660   1.4433e-15   1.92532e-15
6690   1.32937e-15  1.86918e-15
6720   1.2122e-15   1.84516e-15
6750   1.11595e-15  1.78334e-15
6780   1.03987e-15  1.75228e-15
6810   9.99957e-16  1.72788e-15
6840   9.9478e-16   1.68759e-15
6870   1.00653e-15  1.64045e-15
6900   1.01117e-15  1.60547e-15
6930   9.95684e-16  1.5834e-15
6960   9.69374e-16  1.56535e-15
6990   9.48951e-16  1.55076e-15
7020   9.37099e-16  1.54279e-15
7050   9.35327e-16  1.53674e-15
7080   9.64481e-16  1.52461e-15
7110   1.03501e-15  1.50722e-15
7140   1.108e-15    1.49049e-15
7170   1.13146e-15  1.4705e-15
7200   1.10975e-15  1.43878e-15
7230   1.09583e-15  1.4013e-15
7260   1.12057e-15  1.36752e-15
7290   1.18517e-15  1.28908e-15
7320   1.21109e-15  1.28736e-15
7350   1.24248e-15  1.26329e-15
7380   1.25963e-15  1.22157e-15
7410   1.16628e-15  1.2979e-15
7440   1.04725e-15  1.20846e-15
7470   9.31437e-16  1.10369e-15
7500   8.88319e-16  1.06028e-15
7530   9.5472e-16   1.00136e-15
7560   1.03612e-15  1.04586e-15
7590   1.1071e-15   1.04503e-15
7620   1.14373e-15  1.02335e-15
7650   1.14501e-15  1.03097e-15
7680   1.11742e-15  1.07307e-15
7710   1.06483e-15  1.12215e-15
7740   1.00186e-15  1.15293e-15
7770   9.44463e-16  1.15722e-15
7800   8.96859e-16  1.13837e-15
7830   8.54388e-16  1.10991e-15
7860   8.14062e-16  1.08869e-15
7890   7.7433e-16   1.07414e-15
7920   7.30614e-16  1.04669e-15
7950   6.83062e-16  1.00252e-15
7980   6.4459e-16   9.66554e-16
8010   6.2603e-16   9.53745e-16
8040   6.13083e-16  9.35651e-16
8070   5.60133e-16  9.81618e-16
8100   4.78613e-16  8.61425e-16
8130   3.73553e-16  7.45936e-16
8160   2.784e-16    6.64712e-16
8190   2.19423e-16  6.0832e-16
8220   2.04576e-16  5.72971e-16
8250   2.23007e-16  5.71365e-16
8280   2.44298e-16  6.52572e-16
8310   2.8225e-16   7.04533e-16
8340   3.0946e-16   7.62963e-16
8370   3.48742e-16  8.35339e-16
8400   4.27043e-16  9.17983e-16
8430   5.52408e-16  9.89693e-16
8460   7.00392e-16  1.03543e-15
8490   8.26505e-16  1.05921e-15
8520   9.06544e-16  1.06891e-15
8550   9.59133e-16  1.06539e-15
8580   1.01569e-15  1.05295e-15
8610   1.08035e-15  1.04332e-15
8640   1.13407e-15  1.0405e-15
8670   1.16393e-15  1.03378e-15
8700   1.17206e-15  1.01429e-15
8730   1.16454e-15  9.90126e-16
8760   1.14372e-15  9.73006e-16
8790   1.1077e-15   9.51298e-16
8820   1.05459e-15  8.94799e-16
8850   9.88254e-16  7.98594e-16
8880   9.17113e-16  7.056e-16
8910   8.48414e-16  6.65377e-16
8940   7.89373e-16  6.7844e-16
8970   7.49409e-16  6.99887e-16
9000   7.29902e-16  6.9585e-16