#10.482552067938974
3210  1.6333e-16   3.9275e-16
3240  1.45801e-16  3.70731e-16
3270  1.44242e-16  3.51246e-16
3300  1.84049e-16  3.33516e-16
3330  2.57602e-16  3.32119e-16
3360  5.15932e-16  3.26734e-16
3390  6.75377e-16  4.26157e-16
3420  8.94068e-16  6.2165e-16
3450  1.05596e-15  7.33717e-16
3480  1.16957e-15  8.06214e-16
3510  1.342e-15    9.24082e-16
3540  1.49736e-15  1.02811e-15
3570  1.4864e-15   1.00615e-15
3600  1.41695e-15  9.17545e-16
3630  1.56855e-15  9.66621e-16
3660  8.52378e-16  1.40417e-15
3690  7.373e-15    1.39984e-15
3720  5.89887e-15  1.37187e-15
3750  4.54045e-15  1.38309e-15
3780  4.0805e-15   1.47055e-15
3810  4.88023e-15  1.64695e-15
3840  6.97571e-15  1.94444e-15
3870  9.6162e-15   2.30758e-15
3900  1.13869e-14  2.57694e-15
3930  1.13612e-14  2.63244e-15
3960  9.89976e-15  2.49752e-15
3990  8.50828e-15  2.37663e-15
4020  8.13364e-15  2.38871e-15
4050  8.48248e-15  2.43606e-15
4080  8.8607e-15   2.39678e-15
4110  9.06063e-15  2.29163e-15
4140  9.20278e-15  2.17919e-15
4170  9.24078e-15  2.04129e-15
4200  8.9989e-15   1.81641e-15
4230  8.48017e-15  1.55012e-15
4260  7.8181e-15   1.40342e-15
4290  7.08387e-15  1.47945e-15
4320  6.05683e-15  1.6385e-15
4350  5.21703e-15  1.67999e-15
4380  5.1067e-15   1.64537e-15
4410  5.6863e-15   1.62463e-15
4440  6.73318e-15  1.70785e-15
4470  8.05487e-15  1.86777e-15
4500  9.3898e-15   1.99329e-15
4530  1.03665e-14  2.05005e-15
4560  1.08557e-14  2.11322e-15
4590  1.08441e-14  2.14015e-15
4620  1.03502e-14  2.03782e-15
4650  9.29334e-15  1.81942e-15
4680  7.73763e-15  1.60444e-15
4710  6.17893e-15  1.47425e-15
4740  5.13444e-15  1.40384e-15
4770  4.66101e-15  1.3713e-15
4800  4.29394e-15  1.30528e-15
4830  4.22863e-15  1.21192e-15
4860  4.88953e-15  1.17357e-15
4890  5.69359e-15  1.18449e-15
4920  5.63822e-15  1.17263e-15
4950  4.81242e-15  1.12957e-15
4980  4.11446e-15  1.09808e-15
5010  4.2942e-15   1.17134e-15
5040  4.909e-15    1.30787e-15
5070  5.42652e-15  1.41352e-15
5100  5.96194e-15  1.47292e-15
5130  6.78602e-15  1.52542e-15
5160  7.6904e-15   1.57216e-15
5190  8.20496e-15  1.56938e-15
5220  8.11132e-15  1.48822e-15
5250  7.69175e-15  1.39421e-15
5280  7.30902e-15  1.3608e-15
5310  7.03803e-15  1.39068e-15
5340  6.76917e-15  1.42667e-15
5370  6.45124e-15  1.40056e-15
5400  6.11602e-15  1.32074e-15
5430  5.81909e-15  1.26712e-15
5460  5.63242e-15  1.2843e-15
5490  5.57387e-15  1.33086e-15
5520  5.53848e-15  1.33803e-15
5550  5.40345e-15  1.30287e-15
5580  5.17539e-15  1.26657e-15
5610  4.95069e-15  1.24025e-15
5640  4.73679e-15  1.2019e-15
5670  4.49119e-15  1.15598e-15
5700  4.24594e-15  1.11801e-15
5730  4.19944e-15  1.10855e-15
5760  4.5009e-15   1.14577e-15
5790  4.98489e-15  1.20748e-15
5820  5.36759e-15  1.2592e-15
5850  5.5032e-15   1.2707e-15
5880  5.43238e-15  1.24777e-15
5910  5.23266e-15  1.21995e-15
5940  4.92396e-15  1.19046e-15
5970  4.61922e-15  1.13997e-15
6000  4.49725e-15  1.08836e-15
6030  4.28953e-15  1.01545e-15
6060  3.53796e-15  8.81605e-16
6090  2.38655e-15  7.22247e-16
6120  1.67798e-15  6.41641e-16
6150  1.92568e-15  6.86398e-16
6180  2.74002e-15  8.039e-16
6210  3.38883e-15  8.95295e-16
6240  3.65883e-15  9.35394e-16
6270  3.71081e-15  9.48273e-16
6300  3.71471e-15  9.61041e-16
6330  3.66663e-15  9.70369e-16
6360  3.56668e-15  9.64527e-16
6390  3.489e-15    9.49685e-16
6420  3.4712e-15   9.42431e-16
6450  3.44764e-15  9.42049e-16
6480  3.38956e-15  9.39694e-16
6510  3.29141e-15  9.22192e-16
6540  3.15943e-15  8.87204e-16
6570  3.0033e-15   8.40525e-16
6600  2.8372e-15   7.89561e-16
6630  2.67149e-15  7.3921e-16
6660  2.49762e-15  6.88685e-16
6690  2.33301e-15  6.42463e-16
6720  2.21363e-15  6.0992e-16
6750  2.15584e-15  5.94493e-16
6780  2.12764e-15  5.8726e-16
6810  2.0747e-15   5.75627e-16
6840  1.98145e-15  5.58847e-16
6870  1.88107e-15  5.46709e-16
6900  1.80454e-15  5.44406e-16
6930  1.74596e-15  5.45337e-16
6960  1.68805e-15  5.38934e-16
6990  1.63503e-15  5.24025e-16
7020  1.59684e-15  5.12085e-16
7050  1.56256e-15  5.13393e-16
7080  1.51774e-15  5.23446e-16
7110  1.47383e-15  5.30285e-16
7140  1.45406e-15  5.30568e-16
7170  1.46291e-15  5.31472e-16
7200  1.48381e-15  5.35398e-16
7230  1.48764e-15  5.33133e-16
7260  1.44952e-15  5.1904e-16
7290  1.37746e-15  5.00409e-16
7320  1.31256e-15  4.88037e-16
7350  1.28414e-15  4.92021e-16
7380  1.27952e-15  4.86812e-16
7410  1.2806e-15   4.79702e-16
7440  1.1076e-15   4.00557e-16
7470  1.16864e-15  4.01579e-16
7500  1.11198e-15  3.91316e-16
7530  9.68024e-16  3.76821e-16
7560  8.78469e-16  3.72115e-16
7590  8.80142e-16  3.75024e-16
7620  8.87713e-16  3.8213e-16
7650  8.59835e-16  3.87341e-16
7680  8.45341e-16  3.85785e-16
7710  8.80853e-16  3.78163e-16
7740  9.36695e-16  3.71305e-16
7770  9.68847e-16  3.68044e-16
7800  9.78932e-16  3.67468e-16
7830  1.01102e-15  3.68476e-16
7860  1.08187e-15  3.69125e-16
7890  1.12744e-15  3.64565e-16
7920  1.07574e-15  3.45868e-16
7950  9.66828e-16  3.19989e-16
7980  9.04115e-16  3.0122e-16
8010  8.98279e-16  2.91358e-16
8040  8.65344e-16  2.80123e-16
8070  7.63398e-16  2.5791e-16
8100  6.289e-16    2.22682e-16
8130  4.9463e-16   1.74096e-16
8160  3.69084e-16  1.24499e-16
8190  2.88767e-16  9.45542e-17
8220  2.9487e-16   9.38894e-17
8250  3.51937e-16  1.09425e-16
8280  3.78649e-16  1.18908e-16
8310  3.75327e-16  1.19029e-16
8340  4.30387e-16  1.32104e-16
8370  5.71271e-16  1.74279e-16
8400  7.2169e-16   2.34839e-16
8430  8.48762e-16  3.01807e-16
8460  1.00401e-15  3.59874e-16
8490  1.17598e-15  4.02698e-16
8520  1.2788e-15   4.3083e-16
8550  1.32941e-15  4.51407e-16
8580  1.48002e-15  4.82379e-16
8610  1.66325e-15  6.10001e-16
8640  1.50115e-15  7.66123e-16
8670  1.42974e-15  8.33357e-16
8700  1.3988e-15   8.76261e-16