#-9.58961371068873
3750  1.21638e-15  8.61788e-16
3780  1.49943e-15  1.04801e-15
3810  1.87062e-15  1.21161e-15
3840  2.34401e-15  1.44513e-15
3870  2.84585e-15  1.80437e-15
3900  3.20763e-15  2.15136e-15
3930  3.28807e-15  2.2793e-15
3960  3.14187e-15  2.1549e-15
3990  3.00638e-15  1.98264e-15
4020  3.04781e-15  1.97868e-15
4050  3.17976e-15  2.13596e-15
4080  3.20324e-15  2.26481e-15
4110  3.05313e-15  2.21492e-15
4140  2.82543e-15  2.01763e-15
4170  3.20209e-15  2.46147e-15
4200  2.40842e-15  1.63361e-15
4230  2.17512e-15  1.47963e-15
4260  1.94833e-15  1.31862e-15
4290  1.81326e-15  1.20483e-15
4320  1.78233e-15  1.18903e-15
4350  1.77141e-15  1.22696e-15
4380  1.74001e-15  1.24404e-15
4410  1.75886e-15  1.24457e-15
4440  1.86458e-15  1.29155e-15
4470  1.96578e-15  1.37495e-15
4500  1.98286e-15  1.42054e-15
4530  3.08445e-15  2.38139e-15
4560  3.04297e-15  2.35666e-15
4590  1.88273e-15  1.36539e-15
4620  1.78747e-15  1.29777e-15
4650  1.68311e-15  1.19097e-15
4680  1.60767e-15  1.10453e-15
4710  1.56057e-15  1.07259e-15
4740  1.53701e-15  1.07394e-15
4770  1.51058e-15  1.0649e-15
4800  1.42342e-15  1.01419e-15
4830  1.27849e-15  9.31113e-16
4860  1.17249e-15  8.61654e-16
4890  1.16685e-15  8.38991e-16
4920  1.20772e-15  8.47495e-16
4950  1.50891e-15  1.17812e-15
4980  1.23884e-15  8.63719e-16
5010  1.30256e-15  8.90293e-16
5040  1.7229e-15   1.25073e-15
5070  1.46418e-15  9.78865e-16
5100  2.27639e-15  1.7012e-15
5130  1.45423e-15  9.87854e-16
5160  2.27547e-15  1.70449e-15
5190  2.19827e-15  1.65326e-15
5220  1.97617e-15  1.50497e-15
5250  1.72434e-15  1.30938e-15
5280  1.61394e-15  1.19536e-15
5310  1.08309e-15  6.7223e-16
5340  1.09683e-15  7.17106e-16
5370  1.66876e-15  1.29767e-15
5400  1.52931e-15  1.21438e-15
5430  1.44919e-15  1.13058e-15
5460  9.59329e-16  6.33218e-16
5490  1.01895e-15  6.77073e-16
5520  1.04337e-15  7.1627e-16
5550  1.64047e-15  1.27041e-15
5580  1.65324e-15  1.27661e-15
5610  1.08939e-15  7.61206e-16
5640  1.72625e-15  1.30983e-15
5670  1.69212e-15  1.29815e-15
5700  1.61877e-15  1.26361e-15
5730  9.53743e-16  6.8907e-16
5760  9.28227e-16  6.62825e-16
5790  1.49459e-15  1.14923e-15
5820  1.50351e-15  1.14892e-15
5850  1.51763e-15  1.16575e-15
5880  1.527e-15    1.17903e-15
5910  1.52242e-15  1.17479e-15
5940  1.49155e-15  1.15388e-15
5970  1.42479e-15  1.12063e-15
6000  1.31507e-15  1.06557e-15
6030  1.15712e-15  9.65097e-16
6060  9.70484e-16  8.12094e-16
6090  4.98468e-16  3.53398e-16
6120  4.93438e-16  3.14897e-16
6150  5.56116e-16  3.37808e-16
6180  6.52487e-16  3.97826e-16
6210  7.52921e-16  4.68909e-16
6240  8.36455e-16  5.33751e-16
6270  1.35766e-15  9.90047e-16
6300  1.38511e-15  1.02396e-15
6330  1.36616e-15  1.01085e-15
6360  1.34197e-15  9.84891e-16
6390  1.33435e-15  9.73504e-16
6420  1.26161e-15  9.46177e-16
6450  8.67493e-16  5.57757e-16
6480  1.01125e-15  7.76261e-16
6510  8.47812e-16  5.21854e-16
6540  8.30446e-16  5.10352e-16
6570  8.06817e-16  4.98645e-16
6600  7.83063e-16  4.86128e-16
6630  7.64965e-16  4.7957e-16
6660  7.48922e-16  4.79071e-16
6690  7.26055e-16  4.72142e-16
6720  6.96307e-16  4.51155e-16
6750  6.71134e-16  4.27377e-16
6780  6.58055e-16  4.15445e-16
6810  6.51109e-16  4.13111e-16
6840  6.414e-16    4.09316e-16
6870  6.27358e-16  4.01229e-16
6900  6.11345e-16  3.92447e-16
6930  5.95227e-16  3.83759e-16
6960  5.81965e-16  3.75347e-16
6990  5.73937e-16  3.6917e-16
7020  5.70205e-16  3.65558e-16
7050  5.70333e-16  3.64707e-16
7080  5.75199e-16  3.67541e-16
7110  5.80425e-16  3.70864e-16
7140  5.77821e-16  3.70371e-16
7170  5.66406e-16  3.69246e-16
7200  5.53712e-16  3.73062e-16
7230  5.45972e-16  3.79808e-16
7260  5.42747e-16  3.86141e-16
7290  4.8547e-16   1.70003e-16
7320  4.71617e-16  1.59166e-16
7350  4.60325e-16  1.54835e-16
7380  4.55049e-16  1.54907e-16
7410  4.47481e-16  1.47893e-16
7440  4.31446e-16  1.29755e-16
7470  4.16201e-16  1.13731e-16
7500  4.1305e-16   1.14258e-16
7530  4.19222e-16  1.27226e-16
7560  4.24202e-16  1.37038e-16
7590  4.26322e-16  1.43282e-16
7620  4.3093e-16   1.49838e-16
7650  4.38054e-16  1.56685e-16
7680  4.42166e-16  1.59106e-16
7710  4.44914e-16  1.59724e-16
7740  4.467e-16    1.59876e-16
7770  4.44485e-16  1.5998e-16
7800  4.35639e-16  1.60398e-16
7830  4.20372e-16  1.60898e-16
7860  3.98557e-16  1.59732e-16
7890  3.68385e-16  1.54493e-16
7920  3.28892e-16  1.45481e-16
7950  2.92903e-16  1.36945e-16
7980  2.70321e-16  1.30078e-16
8010  2.63296e-16  1.25159e-16
8040  2.66617e-16  1.19882e-16
8070  2.7444e-16   1.16124e-16
8100  2.80491e-16  1.16328e-16
8130  2.79408e-16  1.173e-16
8160  2.73471e-16  1.12761e-16
8190  2.73563e-16  1.02551e-16
8220  2.85031e-16  9.46071e-17
8250  2.96943e-16  9.31807e-17
8280  2.97315e-16  9.62284e-17
8310  2.94017e-16  1.00407e-16
8340  3.02325e-16  1.04135e-16
8370  3.23906e-16  1.11582e-16
8400  3.44757e-16  1.23607e-16
8430  3.54852e-16  1.3501e-16
8460  3.58349e-16  1.41756e-16
8490  3.6275e-16   1.44909e-16
8520  3.66709e-16  1.48103e-16
8550  3.64648e-16  1.51195e-16
8580  3.58723e-16  1.52318e-16
8610  3.55981e-16  1.54239e-16
8640  3.55081e-16  1.5871e-16
8670  3.47801e-16  1.60173e-16
8700  3.341e-16    1.53857e-16
8730  3.23109e-16  1.44524e-16
8760  3.17017e-16  1.38595e-16
8790  3.07522e-16  1.35895e-16
8820  2.91394e-16  1.32854e-16
8850  2.76617e-16  1.2931e-16
8880  2.69932e-16  1.26631e-16
8910  2.68195e-16  1.22953e-16
8940  2.65488e-16  1.16889e-16
8970  2.61559e-16  1.11149e-16
9000  2.59196e-16  1.08367e-16