#18.926395248877117
3000  3.60288e-15  3.6794e-16
3030  3.44645e-15  4.74849e-16
3060  3.28665e-15  4.09511e-16
3090  3.22632e-15  9.71071e-17
3120  3.69773e-15  2.61465e-16
3150  4.99742e-15  7.73463e-16
3180  5.65816e-15  9.42128e-16
3210  4.89399e-15  8.83023e-16
3240  3.54818e-15  7.14788e-16
3270  2.96033e-15  6.7148e-16
3300  3.25606e-15  9.04529e-16
3330  3.69552e-15  9.65191e-16
3360  4.13213e-15  8.91094e-16
3390  4.86917e-15  8.42141e-16
3420  5.11752e-15  1.32243e-15
3450  5.36689e-15  1.79101e-15
3480  6.82931e-15  2.97947e-15
3510  7.61869e-15  5.15113e-15
3540  9.89008e-15  5.2903e-15
3570  1.0543e-14   6.04268e-15
3600  1.07353e-14  7.61802e-15
3630  1.20479e-14  7.68061e-15
3660  1.54721e-14  7.36541e-15
3690  1.76275e-14  6.8665e-15
3720  1.62761e-14  6.1999e-15
3750  1.23417e-14  5.46307e-15
3780  9.3329e-15   4.85181e-15
3810  9.81766e-15  4.8072e-15
3840  1.37687e-14  5.85673e-15
3870  1.93746e-14  7.55372e-15
3900  2.45479e-14  8.93502e-15
3930  2.69369e-14  9.33697e-15
3960  2.55998e-14  8.51424e-15
3990  2.1986e-14   7.71498e-15
4020  1.91416e-14  7.41849e-15
4050  1.84528e-14  7.24049e-15
4080  1.85059e-14  7.20057e-15
4110  1.82827e-14  6.93253e-15
4140  1.88572e-14  6.49589e-15
4170  2.17166e-14  5.57578e-15
4200  2.24414e-14  5.27169e-15
4230  2.16673e-14  4.83638e-15
4260  2.08203e-14  4.29259e-15
4290  2.08116e-14  3.9754e-15
4320  2.00018e-14  3.88351e-15
4350  1.68369e-14  3.88168e-15
4380  1.29552e-14  3.81623e-15
4410  1.13581e-14  3.82362e-15
4440  1.26371e-14  4.1252e-15
4470  1.52946e-14  4.1889e-15
4500  1.90806e-14  4.23054e-15
4530  2.47275e-14  4.34391e-15
4560  3.14128e-14  4.41001e-15
4590  3.60426e-14  4.39519e-15
4620  3.57786e-14  4.28562e-15
4650  3.07017e-14  4.05487e-15
4680  2.36816e-14  3.75236e-15
4710  1.80926e-14  3.52437e-15
4740  1.57335e-14  3.46051e-15
4770  1.58536e-14  3.47656e-15
4800  1.60437e-14  3.42827e-15
4830  1.53439e-14  3.21071e-15
4860  1.58449e-14  2.95217e-15
4890  1.90482e-14  2.88662e-15
4920  2.21705e-14  2.95971e-15
4950  2.137e-14    3.00016e-15
4980  1.74555e-14  2.9447e-15
5010  1.47651e-14  2.92061e-15
5040  1.51431e-14  3.05407e-15
5070  1.65532e-14  3.27058e-15
5100  1.72728e-14  3.45064e-15
5130  1.83573e-14  3.53371e-15
5160  2.13045e-14  3.53461e-15
5190  2.54736e-14  3.44622e-15
5220  2.8884e-14   3.26843e-15
5250  3.03936e-14  3.04478e-15
5280  3.01153e-14  2.86246e-15
5310  2.86061e-14  2.76356e-15
5340  3.06017e-14  9.55842e-15
5370  2.90778e-14  9.29988e-15
5400  2.84885e-14  8.94405e-15
5430  2.80579e-14  8.51804e-15
5460  2.68822e-14  8.25425e-15
5490  2.49656e-14  8.25653e-15
5520  2.28222e-14  8.51988e-15
5550  2.07256e-14  8.85851e-15
5580  1.87087e-14  8.93271e-15
5610  1.68274e-14  8.92981e-15
5640  1.50625e-14  8.5576e-15
5670  1.35815e-14  8.06678e-15
5700  1.30953e-14  7.76972e-15
5730  1.45737e-14  7.79919e-15
5760  1.83425e-14  8.11234e-15
5790  2.34011e-14  8.69776e-15
5820  2.77092e-14  9.30604e-15
5850  2.95885e-14  9.64802e-15
5880  2.8888e-14   9.60081e-15
5910  2.66265e-14  9.21863e-15
5940  2.38972e-14  8.71379e-15
5970  2.15724e-14  8.37215e-15
6000  2.03051e-14  8.20714e-15
6030  1.97314e-14  7.73756e-15
6060  1.82058e-14  6.57525e-15
6090  1.47367e-14  5.12713e-15
6120  1.09074e-14  4.12552e-15
6150  9.41722e-15  3.54511e-15
6180  1.06805e-14  3.02165e-15
6210  1.26376e-14  2.85355e-15
6240  1.37658e-14  3.02497e-15
6270  1.40819e-14  2.05465e-15
6300  1.46524e-14  2.05852e-15
6330  1.52097e-14  2.04808e-15
6360  1.53841e-14  2.03006e-15
6390  1.52643e-14  2.00149e-15
6420  1.51952e-14  1.97104e-15
6450  1.52743e-14  1.95652e-15
6480  1.5339e-14   1.95226e-15
6510  1.51652e-14  1.93956e-15
6540  1.45796e-14  1.91847e-15
6570  1.35678e-14  1.89703e-15
6600  1.23119e-14  1.88185e-15
6630  1.10489e-14  1.87503e-15
6660  9.928e-15    1.8668e-15
6690  9.0266e-15   1.84871e-15
6720  8.38896e-15  1.81671e-15
6750  7.97934e-15  1.75936e-15
6780  7.68744e-15  1.67981e-15
6810  7.44895e-15  1.60795e-15
6840  7.29664e-15  1.57235e-15
6870  7.24456e-15  1.55229e-15
6900  7.21156e-15  1.50915e-15
6930  7.12205e-15  1.44923e-15
6960  6.99901e-15  1.40645e-15
6990  6.88889e-15  1.3952e-15
7020  6.79017e-15  1.38913e-15
7050  6.70772e-15  1.38302e-15
7080  6.6802e-15   1.3781e-15
7110  6.69941e-15  1.36496e-15
7140  6.68628e-15  1.33252e-15
7170  6.60114e-15  1.29635e-15
7200  6.49821e-15  1.29317e-15
7230  6.42707e-15  1.31751e-15
7260  6.36675e-15  1.3218e-15
7290  6.26406e-15  1.28203e-15
7320  6.08944e-15  1.23238e-15
7350  5.84221e-15  1.2079e-15
7380  5.54424e-15  1.19274e-15
7410  5.16917e-15  1.12583e-15
7440  4.96871e-15  1.09836e-15
7470  4.82746e-15  1.06966e-15
7500  4.70518e-15  1.04734e-15
7530  4.59903e-15  1.04411e-15
7560  4.54323e-15  1.07957e-15
7590  4.53321e-15  1.13699e-15
7620  4.52533e-15  1.13456e-15
7650  4.5652e-15   1.10879e-15
7680  4.54289e-15  1.08819e-15
7710  4.55894e-15  1.09438e-15
7740  4.59847e-15  1.10484e-15
7770  4.63128e-15  1.09831e-15
7800  4.67083e-15  1.07572e-15
7830  4.75073e-15  1.04704e-15
7860  4.84315e-15  1.01077e-15
7890  4.85035e-15  9.66936e-16
7920  4.70764e-15  9.23966e-16
7950  4.46442e-15  8.89898e-16
7980  4.23687e-15  8.82251e-16
8010  4.09826e-15  9.13061e-16
8040  4.02246e-15  9.43065e-16
8070  3.90232e-15  9.59969e-16
8100  3.60775e-15  9.73205e-16
8130  3.0909e-15   9.57647e-16
8160  2.47192e-15  9.08188e-16
8190  1.9786e-15   8.5852e-16
8220  1.75592e-15  8.55281e-16
8250  1.81187e-15  8.99191e-16
8280  2.01606e-15  9.20803e-16
8310  2.20598e-15  9.2922e-16
8340  2.34525e-15  9.20989e-16
8370  2.65291e-15  9.55917e-16
8400  3.38391e-15  1.0104e-15
8430  4.4465e-15   1.05901e-15
8460  5.43956e-15  1.09591e-15
8490  6.09755e-15  1.13608e-15
8520  6.52544e-15  1.14085e-15
8550  6.97172e-15  1.15472e-15
8580  7.50183e-15  1.16527e-15
8610  7.9945e-15   1.17948e-15
8640  8.34051e-15  1.19107e-15
8670  8.52235e-15  1.19571e-15
8700  8.56148e-15  1.18108e-15
8730  8.50302e-15  1.14556e-15
8760  8.39179e-15  1.08318e-15
8790  8.25919e-15  1.08874e-15
8820  7.86469e-15  1.09268e-15
8850  7.36983e-15  1.06289e-15
8880  6.8154e-15   1.02454e-15
8910  6.42989e-15  9.95726e-16
8940  6.32631e-15  1.08663e-15
8970  6.26338e-15  1.0084e-15
9000  6.12166e-15  1.06788e-15