#-5.423740913747809
3210  4.22993e-15  3.13013e-15
3240  5.65799e-15  4.24904e-15
3270  8.10006e-15  6.12408e-15
3300  1.0141e-14   7.62259e-15
3330  1.06607e-14  7.92204e-15
3360  1.02085e-14  7.52171e-15
3390  1.01709e-14  7.49186e-15
3420  1.09735e-14  8.08475e-15
3450  1.18274e-14  8.65329e-15
3480  1.14883e-14  7.44293e-15
3510  1.05086e-14  6.38338e-15
3540  8.73047e-15  5.23222e-15
3570  7.70877e-15  4.28315e-15
3600  9.16081e-15  4.90009e-15
3630  1.21534e-14  6.28129e-15
3660  1.38536e-14  7.60467e-15
3690  1.2589e-14   6.93315e-15
3720  9.39596e-15  5.22658e-15
3750  6.94841e-15  3.90284e-15
3780  6.61837e-15  2.61819e-15
3810  7.98995e-15  3.16839e-15
3840  1.08866e-14  4.26548e-15
3870  1.5044e-14   5.78165e-15
3900  1.86088e-14  7.1025e-15
3930  1.89789e-14  7.26367e-15
3960  1.62978e-14  6.27773e-15
3990  1.24375e-14  5.40198e-15
4020  1.28562e-14  5.50607e-15
4050  1.37944e-14  5.95499e-15
4080  1.31401e-14  5.74023e-15
4110  1.16421e-14  5.11495e-15
4140  1.10811e-14  4.84215e-15
4170  1.12426e-14  4.88077e-15
4200  1.08452e-14  4.70116e-15
4230  9.82555e-15  4.26034e-15
4260  8.97568e-15  3.88966e-15
4290  8.48237e-15  3.68309e-15
4320  8.05451e-15  3.52278e-15
4350  7.81324e-15  3.43129e-15
4380  8.25606e-15  3.5943e-15
4410  9.53696e-15  4.09611e-15
4440  1.10968e-14  4.74101e-15
4470  1.20896e-14  5.18123e-15
4500  1.22048e-14  5.26301e-15
4530  1.18608e-14  5.15263e-15
4560  1.14735e-14  5.04639e-15
4590  1.09591e-14  4.88438e-15
4620  1.02221e-14  4.55867e-15
4650  9.57111e-15  4.19875e-15
4680  9.25691e-15  3.98928e-15
4710  9.15406e-15  3.92374e-15
4740  9.09704e-15  3.91615e-15
4770  8.90722e-15  3.87093e-15
4800  8.24151e-15  3.6192e-15
4830  7.14857e-15  3.16743e-15
4860  6.37198e-15  2.84425e-15
4890  6.4186e-15   2.87191e-15
4920  6.8502e-15   3.04586e-15
4950  7.01121e-15  3.0952e-15
4980  7.04623e-15  2.83513e-15
5010  7.10255e-15  2.81794e-15
5040  7.36674e-15  2.83036e-15
5070  7.60664e-15  2.81541e-15
5100  7.61447e-15  2.77147e-15
5130  8.35003e-15  3.44685e-15
5160  8.13743e-15  3.66994e-15
5190  7.93229e-15  3.59851e-15
5220  7.16697e-15  3.25286e-15
5250  6.17982e-15  2.8367e-15
5280  6.05428e-15  2.73833e-15
5310  6.31376e-15  2.81298e-15
5340  6.69776e-15  2.92034e-15
5370  6.48448e-15  2.842e-15
5400  5.76368e-15  2.61073e-15
5430  5.27938e-15  2.46832e-15
5460  5.55487e-15  2.57179e-15
5490  6.32792e-15  2.80969e-15
5520  6.95824e-15  2.95818e-15
5550  7.1795e-15   2.96347e-15
5580  7.20315e-15  2.93382e-15
5610  7.26677e-15  2.95227e-15
5640  7.34605e-15  2.97593e-15
5670  7.24145e-15  2.91234e-15
5700  6.83067e-15  2.73537e-15
5730  6.27377e-15  2.53029e-15
5760  5.35285e-15  2.2863e-15
5790  5.4229e-15   2.34564e-15
5820  5.70911e-15  2.47947e-15
5850  5.96492e-15  2.58789e-15
5880  6.08816e-15  2.63579e-15
5910  6.14688e-15  2.64985e-15
5940  6.20884e-15  2.65654e-15
5970  6.17969e-15  2.62536e-15
6000  5.82763e-15  2.47676e-15
6030  5.02763e-15  2.1611e-15
6060  3.97684e-15  1.74114e-15
6090  3.10403e-15  1.37881e-15
6120  2.70317e-15  1.29156e-15
6150  2.91325e-15  1.37001e-15
6180  3.51297e-15  1.63064e-15
6210  4.23312e-15  1.94803e-15
6240  4.8058e-15   2.19974e-15
6270  5.10614e-15  2.21244e-15
6300  5.09547e-15  2.20819e-15
6330  5.02038e-15  2.34759e-15
6360  5.09742e-15  2.38092e-15
6390  5.20766e-15  2.25937e-15
6420  5.11903e-15  2.22164e-15
6450  4.95709e-15  2.15657e-15
6480  4.84925e-15  2.11286e-15
6510  4.79014e-15  2.08661e-15
6540  4.6963e-15   2.04344e-15
6570  4.54966e-15  1.97533e-15
6600  4.40779e-15  1.90955e-15
6630  4.30857e-15  1.86766e-15
6660  4.21863e-15  1.83441e-15
6690  4.08847e-15  1.78111e-15
6720  3.8892e-15   1.76339e-15
6750  3.76301e-15  1.7043e-15
6780  3.69108e-15  1.67462e-15
6810  3.63447e-15  1.6513e-15
6840  3.55197e-15  1.61279e-15
6870  3.45173e-15  1.56775e-15
6900  3.36451e-15  1.53431e-15
6930  3.30073e-15  1.51322e-15
6960  3.25614e-15  1.49598e-15
6990  3.22864e-15  1.48203e-15
7020  3.21011e-15  1.47441e-15
7050  3.18522e-15  1.46863e-15
7080  3.14941e-15  1.45705e-15
7110  3.11108e-15  1.44043e-15
7140  3.07001e-15  1.42443e-15
7170  3.01172e-15  1.40533e-15
7200  2.93644e-15  1.37501e-15
7230  2.86802e-15  1.33919e-15
7260  2.80942e-15  1.30691e-15
7290  2.76664e-15  1.22799e-15
7320  2.63465e-15  1.23031e-15
7350  2.58593e-15  1.2073e-15
7380  2.65385e-15  1.1604e-15
7410  2.55333e-15  1.23978e-15
7440  2.37666e-15  1.15434e-15
7470  2.17333e-15  1.05427e-15
7500  2.0952e-15   1.0128e-15
7530  2.18824e-15  9.51076e-16
7560  2.25464e-15  9.93575e-16
7590  2.29239e-15  9.92418e-16
7620  2.33087e-15  9.71559e-16
7650  2.39868e-15  9.7892e-16
7680  2.49486e-15  1.01866e-15
7710  2.60042e-15  1.06503e-15
7740  2.6911e-15   1.09418e-15
7770  2.73503e-15  1.09838e-15
7800  2.71928e-15  1.08075e-15
7830  2.66996e-15  1.05388e-15
7860  2.62379e-15  1.03365e-15
7890  2.58233e-15  1.0197e-15
7920  2.51472e-15  9.9367e-16
7950  2.41415e-15  9.51878e-16
7980  2.32573e-15  9.17695e-16
8010  2.28161e-15  9.05251e-16
8040  2.2255e-15   8.87926e-16
8070  2.02947e-15  9.37662e-16
8100  1.78597e-15  8.22851e-16
8130  1.54979e-15  7.12534e-16
8160  1.37921e-15  6.34947e-16
8190  1.26035e-15  5.8108e-16
8220  1.18874e-15  5.47314e-16
8250  1.19044e-15  5.4578e-16
8280  1.26008e-15  6.09687e-16
8310  1.35635e-15  6.58234e-16
8340  1.46817e-15  7.12824e-16
8370  1.60958e-15  7.80443e-16
8400  1.76602e-15  8.57656e-16
8430  1.89356e-15  9.24654e-16
8460  1.96998e-15  9.67387e-16
8490  2.00761e-15  9.89606e-16
8520  2.01881e-15  9.9867e-16
8550  2.00291e-15  9.95381e-16
8580  1.96895e-15  9.83756e-16
8610  1.94025e-15  9.74753e-16
8640  1.92594e-15  9.72121e-16
8670  1.90749e-15  9.65842e-16
8700  1.86657e-15  9.4763e-16
8730  1.81495e-15  9.25058e-16
8760  1.77526e-15  9.09063e-16
8790  1.73105e-15  8.88782e-16
8820  1.62966e-15  8.35996e-16
8850  1.46018e-15  7.46113e-16
8880  1.29855e-15  6.59231e-16
8910  1.23349e-15  6.21651e-16
8940  1.26247e-15  6.33855e-16
8970  1.30153e-15  6.53893e-16
9000  1.29244e-15  6.50121e-16