#61.53230577555013
3420  -2.50725e-18  1.88026e-15
3450  -1.53998e-18  1.93441e-15
3480  -1.84475e-18  1.89946e-15
3510  -1.73512e-18  1.86398e-15
3540  -9.76125e-19  1.93565e-15
3570  -6.60479e-19  2.03046e-15
3600  -6.36277e-19  2.07522e-15
3630  -3.94505e-19  2.01406e-15
3660  -4.34652e-20  1.84349e-15
3690   1.02147e-19  1.62348e-15
3720   2.2348e-16   5.25124e-16
3750   1.98616e-16  4.34724e-16
3780   1.54119e-16  3.6846e-16
3810   1.09886e-16  3.42345e-16
3840   1.11198e-16  4.0958e-16
3870   1.59285e-16  5.42593e-16
3900   1.83346e-16  5.76576e-16
3930   2.08646e-16  5.81217e-16
3960   2.2716e-16   5.28639e-16
3990   2.48928e-16  4.99467e-16
4020   2.57428e-16  5.18531e-16
4050   2.46786e-16  5.39286e-16
4080   2.31714e-16  5.18899e-16
4110   2.2432e-16   4.74599e-16
4140   2.251e-16    4.48545e-16
4170   2.32291e-16  4.45298e-16
4200   2.40058e-16  4.33336e-16
4230   2.36555e-16  3.9529e-16
4260   2.22331e-16  3.49874e-16
4290   2.18698e-16  3.23748e-16
4320   2.35881e-16  3.20077e-16
4350   2.4676e-16   3.32429e-16
4380   2.30736e-16  3.50637e-16
4410   2.06698e-16  3.82641e-16
4440   2.06527e-16  4.31797e-16
4470   2.3134e-16   4.70438e-16
4500   2.58367e-16  4.72313e-16
4530   2.7717e-16   4.57277e-16
4560   2.9701e-16   4.66136e-16
4590   3.28998e-16  4.83235e-16
4620   3.79768e-16  3.95469e-16
4650   3.74627e-16  3.62657e-16
4680   3.42039e-16  3.18208e-16
4710   3.00684e-16  2.91389e-16
4740   2.75826e-16  2.8237e-16
4770   2.78254e-16  2.75223e-16
4800   2.91401e-16  2.56453e-16
4830   2.89332e-16  2.29249e-16
4860   2.73946e-16  2.19555e-16
4890   2.78113e-16  2.36804e-16
4920   3.12587e-16  2.50695e-16
4950   3.40067e-16  2.33843e-16
4980   3.26589e-16  2.04278e-16
5010   2.90024e-16  1.97439e-16
5040   2.71169e-16  2.19059e-16
5070   2.7538e-16   2.46546e-16
5100   2.75839e-16  2.62996e-16
5130   2.61709e-16  2.72119e-16
5160   2.51617e-16  2.84691e-16
5190   2.22147e-16  3.58068e-16
5220   2.38541e-16  3.53962e-16
5250   2.95803e-16  2.80549e-16
5280   3.14367e-16  2.4399e-16
5310   3.26093e-16  2.45909e-16
5340   3.31319e-16  2.72361e-16
5370   3.25296e-16  2.87067e-16
5400   3.16065e-16  2.72433e-16
5430   3.20577e-16  2.46753e-16
5460   3.39962e-16  2.36142e-16
5490   3.59194e-16  2.49066e-16
5520   3.63145e-16  2.71883e-16
5550   3.49992e-16  2.86149e-16
5580   3.26563e-16  2.88666e-16
5610   2.97877e-16  2.8382e-16
5640   2.70558e-16  2.75545e-16
5670   2.64454e-16  2.41079e-16
5700   2.72422e-16  2.33001e-16
5730   2.97404e-16  2.29002e-16
5760   3.26733e-16  2.34766e-16
5790   3.50943e-16  2.46807e-16
5820   3.6228e-16   2.53457e-16
5850   3.54877e-16  2.51879e-16
5880   3.36122e-16  2.50314e-16
5910   3.20226e-16  2.52396e-16
5940   3.08832e-16  2.52376e-16
5970   2.95731e-16  2.48274e-16
6000   2.85524e-16  2.4478e-16
6030   2.86862e-16  2.35364e-16
6060   2.93153e-16  2.03035e-16
6090   2.92486e-16  1.52735e-16
6120   2.87521e-16  1.17933e-16
6150   2.87985e-16  1.19918e-16
6180   2.91341e-16  1.5219e-16
6210   2.84982e-16  1.89846e-16
6240   2.69468e-16  2.13549e-16
6270   2.59678e-16  2.22772e-16
6300   2.62485e-16  2.21319e-16
6330   2.71562e-16  2.11691e-16
6360   2.83677e-16  2.01017e-16
6390   3.01645e-16  1.96858e-16
6420   3.19431e-16  1.97387e-16
6450   3.2381e-16   1.9627e-16
6480   3.16375e-16  1.94551e-16
6510   3.15617e-16  1.98398e-16
6540   3.2516e-16   2.06049e-16
6570   3.21924e-16  2.04235e-16
6600   2.90315e-16  1.87855e-16
6630   2.47012e-16  1.70348e-16
6660   2.19587e-16  1.64668e-16
6690   2.12952e-16  1.68737e-16
6720   2.1439e-16   1.7097e-16
6750   2.15728e-16  1.66377e-16
6780   2.15665e-16  1.59392e-16
6810   2.14192e-16  1.53815e-16
6840   2.13573e-16  1.49545e-16
6870   2.17042e-16  1.47297e-16
6900   2.21152e-16  1.48743e-16
6930   2.18327e-16  1.51025e-16
6960   2.10549e-16  1.48438e-16
6990   2.08636e-16  1.40937e-16
7020   2.15838e-16  1.34629e-16
7050   2.22599e-16  1.33291e-16
7080   2.20381e-16  1.35436e-16
7110   2.12659e-16  1.37465e-16
7140   2.08632e-16  1.38388e-16
7170   2.14354e-16  1.3922e-16
7200   2.27187e-16  1.39736e-16
7230   2.83542e-16  1.71739e-17
7260   2.77551e-16  1.83758e-17
7290   2.72516e-16  1.53532e-17
7320   2.80078e-16  1.16851e-17
7350   2.81091e-16  9.23777e-18
7380   2.54213e-16  5.53991e-18
7410   2.23431e-16  6.11358e-18
7440   2.31952e-16  8.78349e-18
7470   2.72625e-16  7.50093e-18
7500   2.96907e-16  5.35858e-18
7530   2.88205e-16  4.57965e-18
7560   2.73737e-16  4.41522e-18
7590   2.73638e-16  4.45805e-18
7620   2.79144e-16  3.17929e-18
7650   2.7719e-16   3.92991e-18
7680   2.68615e-16  8.69474e-18
7710   2.61644e-16  1.02213e-17
7740   2.59858e-16  7.62548e-18
7770   2.59129e-16  4.24039e-18
7800   2.54563e-16  9.41626e-19
7830   2.47304e-16  2.65884e-18
7860   2.40149e-16  7.08503e-18
7890   2.31124e-16  8.22494e-18
7920   2.20515e-16  5.90522e-18
7950   2.17023e-16  2.96153e-18
7980   2.24651e-16  1.42837e-18
8010   2.31649e-16  4.17799e-18
8040   2.26337e-16  5.53713e-18
8070   2.15556e-16  4.51969e-18
8100   2.14958e-16  2.35165e-18
8130   2.24768e-16  4.97142e-18
8160   2.30064e-16  1.1212e-17
8190   2.25545e-16  1.58358e-17
8220   2.20854e-16  1.63625e-17
8250   2.18758e-16  1.37005e-17
8280   2.12839e-16  1.05595e-17
8310   2.05924e-16  8.31952e-18
8340   2.06604e-16  7.8131e-18
8370   2.1249e-16   8.85389e-18
8400   2.15538e-16  1.041e-17
8430   2.16846e-16  1.23191e-17
8460   2.19734e-16  1.33103e-17
8490   2.18122e-16  1.19675e-17
8520   2.07659e-16  1.08819e-17
8550   1.9796e-16   1.27517e-17
8580   1.99982e-16  1.51406e-17
8610   2.11579e-16  1.47198e-17
8640   2.22775e-16  1.36416e-17
8670   2.27232e-16  1.50504e-17
8700   2.23322e-16  1.63223e-17
8730   2.15067e-16  1.43262e-17
8760   2.10046e-16  1.15055e-17
8790   2.08922e-16  1.13549e-17
8820   2.041e-16    1.1801e-17
8850   1.93727e-16  9.95474e-18
8880   1.84508e-16  8.3129e-18
8910   1.80538e-16  8.97403e-18
8940   1.7988e-16   8.91215e-18
8970   1.80195e-16  6.31158e-18
9000   1.99467e-17  4.30195e-17