#19.122775905889753
3210  7.46645e-16  1.70854e-16
3240  7.02835e-16  1.63108e-16
3270  6.69398e-16  1.5325e-16
3300  6.54133e-16  1.36755e-16
3330  6.80067e-16  1.25801e-16
3360  7.66156e-16  1.3295e-16
3390  9.20542e-16  1.68647e-16
3420  1.06824e-15  2.02358e-16
3450  1.17757e-15  2.14083e-16
3480  1.36757e-15  2.50981e-16
3510  1.69638e-15  3.34647e-16
3540  1.96688e-15  4.07871e-16
3570  1.98214e-15  4.08143e-16
3600  1.93438e-15  3.76073e-16
3630  2.22589e-15  4.14675e-16
3660  2.88949e-15  5.66397e-16
3690  3.03712e-15  1.34757e-15
3720  2.59699e-15  1.32219e-15
3750  1.93382e-15  1.33517e-15
3780  1.49868e-15  1.41979e-15
3810  1.75358e-15  1.58875e-15
3840  2.60397e-15  1.87365e-15
3870  3.62281e-15  2.22165e-15
3900  4.39841e-15  2.48081e-15
3930  4.64291e-15  2.5353e-15
3960  4.36466e-15  2.40752e-15
3990  3.75412e-15  2.29226e-15
4020  3.2174e-15   2.30425e-15
4050  2.95412e-15  2.35005e-15
4080  2.86589e-15  2.31168e-15
4110  2.88611e-15  2.20871e-15
4140  3.02971e-15  2.09868e-15
4170  3.17862e-15  1.96516e-15
4200  3.22491e-15  1.74867e-15
4230  3.28365e-15  1.49232e-15
4260  3.43055e-15  1.3511e-15
4290  3.40148e-15  1.42429e-15
4320  3.11015e-15  1.58059e-15
4350  2.51759e-15  1.62406e-15
4380  1.95608e-15  1.58905e-15
4410  1.80309e-15  1.56634e-15
4440  2.02753e-15  1.64555e-15
4470  2.44379e-15  1.79918e-15
4500  3.12161e-15  1.91889e-15
4530  4.21433e-15  1.97358e-15
4560  5.49894e-15  2.03447e-15
4590  6.42645e-15  2.06045e-15
4620  6.41235e-15  1.96195e-15
4650  5.36114e-15  1.75167e-15
4680  3.8732e-15   1.54468e-15
4710  2.80226e-15  1.41982e-15
4740  2.53549e-15  1.35375e-15
4770  2.59034e-15  1.32311e-15
4800  2.54075e-15  1.25989e-15
4830  2.48936e-15  1.16965e-15
4860  2.83081e-15  1.13115e-15
4890  3.51025e-15  1.1404e-15
4920  3.81652e-15  1.12903e-15
4950  3.34902e-15  1.08759e-15
4980  2.71458e-15  1.05849e-15
5010  2.39363e-15  1.12949e-15
5040  2.37563e-15  1.26103e-15
5070  2.341e-15    1.36255e-15
5100  2.26868e-15  1.41895e-15
5130  2.44505e-15  1.46854e-15
5160  2.99907e-15  1.51354e-15
5190  3.76656e-15  1.5109e-15
5220  4.5319e-15   1.43281e-15
5250  5.09412e-15  1.34235e-15
5280  5.28918e-15  1.31021e-15
5310  5.13114e-15  1.33899e-15
5340  4.88313e-15  1.37368e-15
5370  4.79944e-15  1.34856e-15
5400  4.84272e-15  1.2717e-15
5430  4.78971e-15  1.22006e-15
5460  4.54386e-15  1.23663e-15
5490  4.20138e-15  1.28151e-15
5520  3.86213e-15  1.28844e-15
5550  3.52371e-15  1.25457e-15
5580  3.16083e-15  1.21956e-15
5610  2.79469e-15  1.19416e-15
5640  2.4731e-15   1.15764e-15
5670  2.22898e-15  1.11385e-15
5700  2.11913e-15  1.07758e-15
5730  2.22375e-15  1.06836e-15
5760  2.6005e-15   1.10354e-15
5790  3.20741e-15  1.16271e-15
5820  3.78699e-15  1.21257e-15
5850  4.03598e-15  1.22363e-15
5880  3.87281e-15  1.20151e-15
5910  3.4656e-15   1.1747e-15
5940  3.03418e-15  1.14653e-15
5970  2.71201e-15  1.09862e-15
6000  2.52571e-15  1.04883e-15
6030  2.4719e-15   9.78182e-16
6060  2.36259e-15  8.49556e-16
6090  2.0406e-15   6.96827e-16
6120  1.66968e-15  6.19422e-16
6150  1.5827e-15   6.6209e-16
6180  1.77681e-15  7.74445e-16
6210  1.98891e-15  8.62125e-16
6240  2.09662e-15  9.00706e-16
6270  2.25375e-15  9.13645e-16
6300  2.50334e-15  9.2641e-16
6330  2.71921e-15  9.35535e-16
6360  2.81883e-15  9.29764e-16
6390  2.84254e-15  9.15109e-16
6420  2.85938e-15  9.07697e-16
6450  2.89984e-15  9.07289e-16
6480  2.92822e-15  9.05067e-16
6510  2.90714e-15  8.88222e-16
6540  2.79878e-15  8.5451e-16
6570  2.58982e-15  8.09525e-16
6600  2.31924e-15  7.60406e-16
6630  2.05018e-15  7.1187e-16
6660  1.82437e-15  6.63293e-16
6690  1.64184e-15  6.18891e-16
6720  1.49609e-15  5.87607e-16
6750  1.3864e-15   5.72778e-16
6780  1.30812e-15  5.65816e-16
6810  1.25554e-15  5.54604e-16
6840  1.22374e-15  5.38467e-16
6870  1.20268e-15  5.2686e-16
6900  1.17888e-15  5.24772e-16
6930  1.14707e-15  5.25813e-16
6960  1.11085e-15  5.19758e-16
6990  1.0729e-15   5.05436e-16
7020  1.03963e-15  4.93925e-16
7050  1.03082e-15  4.95222e-16
7080  1.0596e-15   5.05047e-16
7110  1.10136e-15  5.11789e-16
7140  1.11324e-15  5.1209e-16
7170  1.09065e-15  5.12841e-16
7200  1.07232e-15  5.16442e-16
7230  1.08484e-15  5.14164e-16
7260  1.11116e-15  5.00587e-16
7290  1.12443e-15  4.82652e-16
7320  1.12399e-15  4.70734e-16
7350  1.11802e-15  4.74566e-16
7380  1.10928e-15  4.69541e-16
7410  1.09499e-15  4.62677e-16
7440  1.57321e-15  1.48863e-17
7470  1.57182e-15  1.49243e-17
7500  1.55456e-15  1.45429e-17
7530  1.51064e-15  1.40042e-17
7560  1.48113e-15  1.38293e-17
7590  1.48722e-15  1.39374e-17
7620  1.5011e-15   1.42015e-17
7650  1.4946e-15   1.43952e-17
7680  1.4716e-15   1.43373e-17
7710  1.44801e-15  1.40541e-17
7740  1.43162e-15  1.37992e-17
7770  1.42614e-15  1.3678e-17
7800  1.43483e-15  1.36566e-17
7830  1.45404e-15  1.36941e-17
7860  1.46618e-15  1.37182e-17
7890  1.44453e-15  1.35487e-17
7920  1.37732e-15  1.28538e-17
7950  1.28732e-15  1.18921e-17
7980  1.21079e-15  1.11946e-17
8010  1.15914e-15  1.0828e-17
8040  1.11085e-15  1.04105e-17
8070  1.0302e-15   9.585e-18
8100  8.89315e-16  8.27576e-18
8130  6.93837e-16  6.4701e-18
8160  4.99999e-16  4.6269e-18
8190  3.8603e-16   3.51402e-18
8220  3.82402e-16  3.48931e-18
8250  4.36582e-16  4.06667e-18
8280  4.69362e-16  4.41912e-18
8310  4.70596e-16  4.42359e-18
8340  5.18529e-16  4.90951e-18
8370  6.8636e-16   6.47693e-18
8400  9.52156e-16  8.72756e-18
8430  1.2307e-15   1.12164e-17
8460  1.46216e-15  1.33744e-17
8490  1.63236e-15  1.49659e-17
8520  1.74857e-15  1.60114e-17
8550  1.83965e-15  1.67761e-17
8580  1.95094e-15  1.79272e-17
8610  2.05784e-15  9.78104e-17
8640  2.04888e-15  2.04485e-16
8670  2.05286e-15  2.78399e-16
8700  2.06072e-15  3.39935e-16