#-1.541576824235289
3420  1.3022e-14   5.10976e-15
3450  1.35251e-14  5.18633e-15
3480  2.73755e-14  1.24041e-14
3510  3.3718e-14   1.62409e-14
3540  3.84729e-14  1.95376e-14
3570  3.8982e-14   2.01944e-14
3600  3.77406e-14  1.95785e-14
3630  3.73207e-14  2.05493e-14
3660  3.54939e-14  2.14336e-14
3690  2.95572e-14  1.91174e-14
3720  2.20417e-14  1.41268e-14
3750  1.76572e-14  1.0114e-14
3780  1.78013e-14  8.88453e-15
3810  2.20381e-14  1.06897e-14
3840  3.07486e-14  1.53016e-14
3870  4.34019e-14  2.25645e-14
3900  5.48608e-14  2.95817e-14
3930  5.79804e-14  3.18698e-14
3960  5.17822e-14  2.84487e-14
3990  4.41862e-14  2.35285e-14
4020  4.36569e-14  2.26824e-14
4050  4.91847e-14  2.54495e-14
4080  5.34199e-14  2.79799e-14
4110  5.25161e-14  2.81374e-14
4140  4.9051e-14   2.70766e-14
4170  4.63052e-14  2.62452e-14
4200  4.39561e-14  2.53244e-14
4230  4.00313e-14  2.33751e-14
4260  3.45794e-14  2.04336e-14
4290  3.01189e-14  1.75221e-14
4320  2.87695e-14  1.57136e-14
4350  2.96785e-14  1.52786e-14
4380  3.03857e-14  1.55745e-14
4410  3.05618e-14  1.61069e-14
4440  3.2431e-14   1.73984e-14
4470  3.69149e-14  2.00326e-14
4500  4.15439e-14  2.31546e-14
4530  4.35183e-14  2.50594e-14
4560  4.28744e-14  2.51883e-14
4590  4.10678e-14  2.42405e-14
4620  3.84002e-14  2.2615e-14
4650  3.46e-14     2.01956e-14
4680  3.05188e-14  1.74017e-14
4710  2.77925e-14  1.53558e-14
4740  2.70284e-14  1.46596e-14
4770  2.67032e-14  1.44801e-14
4800  2.47143e-14  1.35255e-14
4830  2.15467e-14  1.1946e-14
4860  2.01565e-14  1.13292e-14
4890  2.16597e-14  1.23112e-14
4920  2.31614e-14  1.32668e-14
4950  2.22771e-14  1.28374e-14
4980  2.11873e-14  1.17835e-14
5010  2.15555e-14  1.15732e-14
5040  2.37554e-14  1.265e-14
5070  2.6255e-14   1.42505e-14
5100  2.77359e-14  1.55588e-14
5130  2.83205e-14  1.63023e-14
5160  2.87065e-14  1.66842e-14
5190  2.84476e-14  1.67721e-14
5220  2.61391e-14  1.59635e-14
5250  2.18954e-14  1.38528e-14
5280  1.82999e-14  1.15624e-14
5310  1.77298e-14  1.04528e-14
5340  1.95447e-14  1.10859e-14
5370  2.09e-14     1.216e-14
5400  1.98131e-14  1.20944e-14
5430  1.71256e-14  1.06225e-14
5460  1.56428e-14  9.11093e-15
5490  1.72137e-14  9.20824e-15
5520  2.07033e-14  1.10564e-14
5550  2.33593e-14  1.31427e-14
5580  2.39569e-14  1.40055e-14
5610  2.36135e-14  1.37325e-14
5640  2.35673e-14  1.32963e-14
5670  2.34475e-14  1.30203e-14
5700  2.22987e-14  1.24743e-14
5730  2.04046e-14  1.15379e-14
5760  1.91413e-14  1.07921e-14
5790  1.92263e-14  1.06442e-14
5820  2.00775e-14  1.1158e-14
5850  2.07189e-14  1.16256e-14
5880  2.08588e-14  1.17251e-14
5910  2.07351e-14  1.15385e-14
5940  2.06907e-14  1.13479e-14
5970  2.08921e-14  1.1412e-14
6000  2.06821e-14  1.1492e-14
6030  1.85642e-14  1.06444e-14
6060  1.4053e-14   8.27408e-15
6090  9.14935e-15  5.31693e-15
6120  6.6278e-15   3.48215e-15
6150  7.27697e-15  3.46293e-15
6180  9.8585e-15   4.6735e-15
6210  1.2993e-14   6.35745e-15
6240  1.59546e-14  8.08151e-15
6270  1.82244e-14  9.47153e-15
6300  1.9411e-14   1.02207e-14
6330  1.96121e-14  1.03656e-14
6360  1.92718e-14  1.01917e-14
6390  1.86692e-14  9.88792e-15
6420  1.7853e-14   9.47965e-15
6450  1.69488e-14  9.00637e-15
6480  1.61808e-14  8.56575e-15
6510  1.56215e-14  8.20742e-15
6540  1.51356e-14  7.89474e-15
6570  1.45737e-14  7.56235e-15
6600  1.39383e-14  7.18303e-15
6630  1.33574e-14  6.80093e-15
6660  1.28997e-14  6.48074e-15
6690  1.2452e-14   6.20146e-15
6720  1.18772e-14  5.8766e-15
6750  1.12713e-14  5.51978e-15
6780  1.08882e-14  5.27395e-15
6810  1.07812e-14  5.20069e-15
6840  1.07119e-14  5.16535e-15
6870  1.04811e-14  5.02753e-15
6900  1.01731e-14  4.83181e-15
6930  9.97546e-15  4.70595e-15
6960  9.90341e-15  4.66471e-15
6990  9.82907e-15  4.62468e-15
7020  9.6961e-15   4.5504e-15
7050  9.57146e-15  4.48149e-15
7080  9.51246e-15  4.44264e-15
7110  9.48405e-15  4.40627e-15
7140  9.41228e-15  4.34402e-15
7170  9.2606e-15   4.26162e-15
7200  9.0443e-15   4.17495e-15
7230  8.80789e-15  4.09361e-15
7260  8.59879e-15  4.03653e-15
7290  8.44102e-15  4.02206e-15
7320  8.33445e-15  4.03758e-15
7350  8.27353e-15  4.0557e-15
7380  5.62671e-15  5.15024e-16
7410  5.30945e-15  2.97009e-16
7440  4.81149e-15  2.59883e-16
7470  4.44465e-15  2.45262e-16
7500  4.48011e-15  2.52176e-16
7530  4.84016e-15  2.5719e-16
7560  5.25567e-15  2.70224e-16
7590  5.53213e-15  3.12745e-16
7620  5.62235e-15  3.59709e-16
7650  5.61011e-15  6.98952e-16
7680  5.54526e-15  3.03441e-16
7710  5.60818e-15  2.8536e-16
7740  5.7807e-15   3.17456e-16
7770  5.97075e-15  3.4305e-16
7800  6.09235e-15  3.23197e-16
7830  6.12678e-15  2.90565e-16
7860  6.08191e-15  2.68259e-16
7890  5.97143e-15  2.46923e-16
7920  5.81176e-15  2.31666e-16
7950  5.59551e-15  2.41287e-16
7980  5.30655e-15  2.57892e-16
8010  5.00966e-15  2.4182e-16
8040  4.83644e-15  2.04228e-16
8070  4.78045e-15  1.97534e-16
8100  4.61318e-15  2.25955e-16
8130  4.15529e-15  2.34863e-16
8160  3.54588e-15  1.95563e-16
8190  3.10077e-15  1.48405e-16
8220  2.95887e-15  1.43031e-16
8250  2.99521e-15  1.7597e-16
8280  3.0478e-15   1.94265e-16
8310  3.11548e-15  1.79971e-16
8340  3.32006e-15  1.8235e-16
8370  3.75202e-15  2.43705e-16
8400  4.31081e-15  3.09155e-16
8430  4.87353e-15  3.09846e-16
8460  5.31766e-15  3.09519e-16
8490  5.5826e-15   3.235e-16
8520  5.70798e-15  3.39815e-16
8550  5.74373e-15  3.3555e-16
8580  5.7143e-15   3.04064e-16
8610  5.64243e-15  2.79174e-16
8640  5.56089e-15  2.82361e-16
8670  5.47999e-15  3.11224e-16
8700  5.38838e-15  3.53231e-16
8730  5.2887e-15   3.76326e-16
8760  5.1527e-15   4.00114e-16
8790  4.88511e-15  4.43542e-16
8820  4.44652e-15  4.92937e-16
8850  3.97917e-15  5.23031e-16
8880  3.68466e-15  5.33457e-16
8910  3.61616e-15  5.37378e-16
8940  3.66268e-15  5.41754e-16
8970  3.70235e-15  5.4269e-16
9000  3.684e-15    5.35856e-16