#-3.083349910481942
3390  9.61752e-14  2.69959e-14
3420  1.01263e-13  2.66068e-14
3450  1.04458e-13  2.61904e-14
3480  1.04925e-13  2.65229e-14
3510  1.06851e-13  2.80945e-14
3540  1.08651e-13  2.90902e-14
3570  9.81084e-14  2.66995e-14
3600  7.16569e-14  2.08424e-14
3630  4.20317e-14  1.40328e-14
3660  2.90041e-14  9.76101e-15
3690  4.03829e-14  8.92062e-15
3720  6.26066e-14  1.08575e-14
3750  7.99936e-14  1.30947e-14
3780  8.75876e-14  1.38842e-14
3810  9.5354e-14   1.48013e-14
3840  1.1154e-13   1.72726e-14
3870  1.29671e-13  1.9819e-14
3900  1.36807e-13  1.98738e-14
3930  1.31321e-13  1.75457e-14
3960  1.26794e-13  1.55159e-14
3990  1.34902e-13  1.58914e-14
4020  1.48331e-13  1.75381e-14
4050  1.49827e-13  1.745e-14
4080  1.3563e-13   1.46889e-14
4110  1.1839e-13   1.12273e-14
4140  1.07411e-13  9.21787e-15
4170  9.81408e-14  8.40915e-15
4200  8.46045e-14  7.3991e-15
4230  7.12664e-14  6.09152e-15
4260  6.77186e-14  5.32364e-15
4290  7.56257e-14  5.4669e-15
4320  8.59666e-14  5.81015e-15
4350  9.05331e-14  5.83989e-15
4380  9.11803e-14  6.10867e-15
4410  9.43444e-14  6.51038e-15
4440  9.93584e-14  6.4219e-15
4470  1.00057e-13  5.94519e-15
4500  9.64657e-14  5.27104e-15
4530  9.38703e-14  4.57756e-15
4560  9.3221e-14   4.15113e-15
4590  9.00601e-14  3.98313e-15
4620  8.3628e-14   3.79888e-15
4650  7.77483e-14  3.38931e-15
4680  7.42517e-14  2.90083e-15
4710  7.22634e-14  2.58706e-15
4740  7.06598e-14  2.39003e-15
4770  6.7731e-14   2.1555e-15
4800  6.21974e-14  1.90395e-15
4830  5.65955e-14  1.77217e-15
4860  5.48651e-14  1.75725e-15
4890  5.5974e-14   1.71695e-15
4920  5.54322e-14  1.66196e-15
4950  5.28926e-14  1.51057e-15
4980  5.34486e-14  1.30446e-15
5010  6.01543e-14  1.22604e-15
5040  6.87639e-14  1.43e-15
5070  7.29362e-14  1.71882e-15
5100  7.25197e-14  1.72989e-15
5130  7.15599e-14  1.69112e-15
5160  7.01634e-14  1.74786e-15
5190  6.41127e-14  1.84029e-15
5220  5.39063e-14  1.69912e-15
5250  4.697e-14    1.45276e-15
5280  4.82519e-14  1.47688e-15
5310  5.39602e-14  1.55209e-15
5340  5.65238e-14  1.63137e-15
5370  5.33551e-14  1.61899e-15
5400  4.90577e-14  1.44557e-15
5430  4.94625e-14  1.38218e-15
5460  5.51625e-14  1.41692e-15
5490  6.16054e-14  1.46513e-15
5520  6.47783e-14  1.8236e-15
5550  6.50307e-14  2.16867e-15
5580  6.46038e-14  2.04564e-15
5610  6.42735e-14  1.67371e-15
5640  6.34699e-14  1.37271e-15
5670  6.15411e-14  1.37481e-15
5700  5.89644e-14  1.49006e-15
5730  5.73095e-14  1.47134e-15
5760  5.73345e-14  1.41712e-15
5790  5.81018e-14  1.41661e-15
5820  5.81579e-14  1.41016e-15
5850  5.71066e-14  1.39376e-15
5880  5.55212e-14  1.46067e-15
5910  5.39517e-14  1.55831e-15
5940  5.26371e-14  1.5854e-15
5970  5.1296e-14   1.50129e-15
6000  4.83354e-14  1.39871e-15
6030  4.18104e-14  1.28275e-15
6060  3.28569e-14  1.00951e-15
6090  2.67859e-14  6.11928e-16
6120  2.80824e-14  4.98622e-16
6150  3.53785e-14  6.6246e-16
6180  4.29206e-14  8.28519e-16
6210  4.68392e-14  9.2746e-16
6240  4.76865e-14  9.66858e-16
6270  4.74397e-14  1.04176e-15
6300  4.68245e-14  1.1282e-15
6330  4.56454e-14  1.14999e-15
6360  4.39273e-14  1.10848e-15
6390  4.1993e-14   1.0646e-15
6420  4.0068e-14   1.04029e-15
6450  3.81936e-14  1.00437e-15
6480  3.63526e-14  9.47049e-16
6510  3.46025e-14  8.97493e-16
6540  3.31011e-14  8.62331e-16
6570  3.19337e-14  8.20879e-16
6600  3.09584e-14  7.7557e-16
6630  2.99217e-14  7.36171e-16
6660  2.87328e-14  6.90746e-16
6690  2.7571e-14   6.37863e-16
6720  2.66658e-14  5.82282e-16
6750  2.59563e-14  5.24154e-16
6780  2.51556e-14  4.81345e-16
6810  2.42164e-14  4.52802e-16
6840  2.3439e-14   4.86129e-16
6870  2.30147e-14  5.37354e-16
6900  2.27248e-14  5.63709e-16
6930  2.23155e-14  5.60053e-16
6960  2.18502e-14  5.37772e-16
6990  2.15108e-14  5.42912e-16
7020  2.13158e-14  5.6841e-16
7050  2.11556e-14  5.63241e-16
7080  2.09407e-14  5.23e-16
7110  2.06499e-14  4.86988e-16
7140  2.03367e-14  4.67463e-16
7170  2.00289e-14  4.77573e-16
7200  1.96617e-14  4.74799e-16
7230  1.92281e-14  3.36752e-16
7260  1.84582e-14  3.19317e-16
7290  1.77967e-14  3.11565e-16
7320  1.75004e-14  3.12965e-16
7350  1.7363e-14   3.2073e-16
7380  1.68947e-14  3.18532e-16
7410  1.60686e-14  3.11411e-16
7440  1.55235e-14  3.0807e-16
7470  1.56687e-14  3.21309e-16
7500  1.60283e-14  3.10272e-16
7530  1.59147e-14  3.06664e-16
7560  1.53404e-14  5.20998e-16
7590  1.52409e-14  5.71453e-16
7620  1.57261e-14  4.00383e-16
7650  1.62588e-14  3.12859e-16
7680  1.64877e-14  3.56181e-16
7710  1.64671e-14  3.33419e-16
7740  1.60323e-14  3.10856e-16
7770  1.49321e-14  3.29607e-16
7800  1.3463e-14   3.14671e-16
7830  1.21687e-14  3.1117e-16
7860  1.1455e-14   3.34135e-16
7890  1.11657e-14  3.72764e-16
7920  1.09285e-14  3.80197e-16
7950  1.07284e-14  3.47593e-16
7980  1.08829e-14  3.21358e-16
8010  1.15288e-14  3.48639e-16
8040  1.24012e-14  4.11592e-16
8070  1.31905e-14  4.6429e-16
8100  1.36832e-14  4.65935e-16
8130  1.35656e-14  3.94795e-16
8160  1.27792e-14  3.05249e-16
8190  1.20104e-14  2.75114e-16
8220  1.21367e-14  3.24659e-16
8250  1.29734e-14  3.74506e-16
8280  1.3426e-14   3.53824e-16
8310  1.32473e-14  3.11738e-16
8340  1.3201e-14   3.62476e-16
8370  1.37324e-14  5.08141e-16
8400  1.43149e-14  6.35404e-16
8430  1.44187e-14  6.63619e-16
8460  1.41794e-14  6.43193e-16
8490  1.39233e-14  6.53206e-16
8520  1.37258e-14  7.07021e-16
8550  1.35355e-14  7.5959e-16
8580  1.33482e-14  7.85192e-16
8610  1.31713e-14  8.00066e-16
8640  1.30212e-14  8.22506e-16
8670  1.29668e-14  8.50551e-16
8700  1.29874e-14  8.69261e-16
8730  1.28557e-14  8.70208e-16
8760  1.24028e-14  8.60061e-16
8790  1.18095e-14  8.52715e-16
8820  1.13328e-14  8.43898e-16
8850  1.08542e-14  8.08976e-16
8880  1.00831e-14  7.38774e-16
8910  9.12896e-15  6.67298e-16
8940  8.43419e-15  6.26632e-16
8970  8.16875e-15  6.13397e-16
9000  8.12663e-15  6.11335e-16