#-1.9024260322096236
3720  1.23609e-15  2.00582e-17
3750  1.56198e-15  3.02501e-17
3780  1.92481e-15  3.50661e-17
3810  3.22648e-15  1.25738e-15
3840  3.85636e-15  1.37327e-15
3870  4.74513e-15  1.54999e-15
3900  5.45078e-15  1.61853e-15
3930  5.63493e-15  1.52506e-15
3960  5.32671e-15  1.33167e-15
3990  4.91856e-15  1.16682e-15
4020  4.8876e-15   1.1555e-15
4050  5.27601e-15  1.30131e-15
4080  5.58798e-15  1.44126e-15
4110  5.42577e-15  1.41745e-15
4140  4.95858e-15  1.26926e-15
4170  4.54067e-15  1.13542e-15
4200  4.18047e-15  1.04368e-15
4230  3.67525e-15  9.20182e-16
4260  3.06809e-15  7.55388e-16
4290  2.6875e-15   6.3615e-16
4320  2.74463e-15  6.23118e-16
4350  3.04808e-15  6.73346e-16
4380  3.2326e-15   7.0003e-16
4410  3.22877e-15  6.89106e-16
4440  3.29574e-15  7.01648e-16
4470  3.55294e-15  7.5815e-16
4500  3.77229e-15  7.97777e-16
4530  3.75588e-15  7.75212e-16
4560  3.60413e-15  7.2565e-16
4590  3.45007e-15  6.9075e-16
4620  3.23593e-15  6.51835e-16
4650  2.9163e-15   5.84997e-16
4680  2.60594e-15  5.16645e-16
4710  2.40813e-15  4.77831e-16
4740  2.31836e-15  4.63133e-16
4770  2.30604e-15  4.57984e-16
4800  2.29321e-15  4.50691e-16
4830  2.15039e-15  4.22148e-16
4860  1.89065e-15  3.70544e-16
4890  1.71971e-15  3.28937e-16
4920  1.75846e-15  3.26333e-16
4950  1.87811e-15  3.47495e-16
4980  1.91791e-15  3.56218e-16
5010  1.92476e-15  3.48911e-16
5040  2.05663e-15  3.58812e-16
5070  2.31227e-15  4.03644e-16
5100  2.48969e-15  4.46176e-16
5130  2.37289e-15  4.10587e-16
5160  2.26674e-15  3.39623e-16
5190  2.2084e-15   2.85541e-16
5220  2.11957e-15  2.94904e-16
5250  1.8869e-15   3.25897e-16
5280  1.618e-15    3.1871e-16
5310  1.52646e-15  3.03806e-16
5340  1.63604e-15  3.1919e-16
5370  1.74584e-15  3.40156e-16
5400  1.67402e-15  3.21018e-16
5430  1.45941e-15  2.58817e-16
5460  1.30909e-15  1.9653e-16
5490  1.3672e-15   1.71816e-16
5520  1.56523e-15  1.80522e-16
5550  1.72545e-15  1.96649e-16
5580  1.76537e-15  2.06813e-16
5610  1.74664e-15  2.12818e-16
5640  1.75422e-15  2.27441e-16
5670  1.79467e-15  2.64016e-16
5700  1.81474e-15  3.16643e-16
5730  1.78573e-15  3.58699e-16
5760  1.73855e-15  3.74765e-16
5790  1.71505e-15  3.74226e-16
5820  1.71682e-15  3.6591e-16
5850  1.71635e-15  3.46248e-16
5880  1.76327e-15  3.2997e-16
5910  1.72503e-15  2.98114e-16
5940  1.67482e-15  2.73004e-16
5970  1.60698e-15  2.50898e-16
6000  1.51569e-15  2.29132e-16
6030  1.39096e-15  2.05007e-16
6060  1.21434e-15  1.73797e-16
6090  9.93269e-16  1.37266e-16
6120  7.99119e-16  1.08953e-16
6150  7.32347e-16  1.03572e-16
6180  8.30616e-16  1.24956e-16
6210  1.03178e-15  1.64193e-16
6240  1.23093e-15  2.05379e-16
6270  1.36058e-15  2.34141e-16
6300  1.41298e-15  2.44591e-16
6330  1.4088e-15   2.40839e-16
6360  1.36757e-15  2.29867e-16
6390  1.30275e-15  2.13659e-16
6420  1.22606e-15  1.91842e-16
6450  1.14899e-15  1.68425e-16
6480  1.0814e-15   1.49664e-16
6510  1.02874e-15  1.37173e-16
6540  9.91408e-16  1.28342e-16
6570  9.66959e-16  1.26241e-16
6600  9.50283e-16  1.35782e-16
6630  9.30077e-16  1.44333e-16
6660  8.91906e-16  1.32318e-16
6690  8.36066e-16  1.02084e-16
6720  7.86001e-16  8.199e-17
6750  7.62205e-16  9.02534e-17
6780  7.54067e-16  1.08911e-16
6810  7.3975e-16   1.1392e-16
6840  7.14239e-16  1.05583e-16
6870  6.88626e-16  9.90744e-17
6900  6.71263e-16  1.01079e-16
6930  6.58102e-16  1.04379e-16
6960  6.4165e-16   1.00596e-16
6990  6.22374e-16  9.12193e-17
7020  6.07453e-16  8.44245e-17
7050  5.99633e-16  8.39161e-17
7080  5.93951e-16  8.59575e-17
7110  5.86696e-16  8.68527e-17
7140  5.79805e-16  8.75652e-17
7170  5.75782e-16  9.02352e-17
7200  5.72726e-16  9.32305e-17
7230  5.63665e-16  9.03005e-17
7260  5.42e-16     7.77397e-17
7290  5.11747e-16  6.41582e-17
7320  4.85144e-16  6.13282e-17
7350  4.60166e-16  5.84619e-17
7380  4.1765e-16   2.95729e-17
7410  3.49507e-16  2.10313e-17
7440  3.10395e-16  4.09577e-17
7470  3.23699e-16  9.78967e-18
7500  3.61431e-16  3.50687e-17
7530  3.82678e-16  5.14582e-17
7560  3.90988e-16  4.96495e-17
7590  4.00835e-16  5.35884e-17
7620  4.15449e-16  6.58907e-17
7650  4.27877e-16  7.55687e-17
7680  4.40112e-16  8.28666e-17
7710  4.62078e-16  9.70769e-17
7740  4.95445e-16  1.19068e-16
7770  5.29724e-16  1.38955e-16
7800  5.52666e-16  1.49564e-16
7830  5.58155e-16  1.54738e-16
7860  5.45742e-16  1.64067e-16
7890  5.19598e-16  1.81436e-16
7920  4.90317e-16  2.008e-16
7950  2.63384e-16  1.78363e-18
7980  2.50977e-16  1.65058e-18
8010  2.447e-16    1.58888e-18
8040  2.35478e-16  1.53205e-18
8070  2.32043e-16  1.48298e-18
8100  2.47623e-16  1.55612e-18
8130  2.7962e-16   1.89792e-18
8160  3.05997e-16  2.92058e-18
8190  3.04944e-16  3.29735e-18
8220  2.82605e-16  2.69579e-18
8250  2.71128e-16  2.10302e-18
8280  2.87758e-16  2.19514e-18
8310  3.12415e-16  2.64197e-18
8340  3.2167e-16   2.84529e-18
8370  3.24073e-16  2.82098e-18
8400  3.40232e-16  2.91949e-18
8430  3.6808e-16   3.14856e-18
8460  3.72467e-16  3.44241e-17
8490  3.85438e-16  3.07398e-17
8520  3.98988e-16  3.11134e-18
8550  3.94446e-16  2.9305e-18
8580  3.86765e-16  2.80966e-18
8610  3.79611e-16  2.80917e-18
8640  3.74115e-16  2.80664e-18
8670  3.66489e-16  2.76147e-18
8700  3.54224e-16  2.6726e-18
8730  3.3984e-16   2.56397e-18
8760  3.26245e-16  2.44835e-18
8790  3.12435e-16  2.3311e-18
8820  2.96231e-16  2.21513e-18
8850  2.79761e-16  2.10293e-18
8880  2.68409e-16  2.00872e-18
8910  2.63752e-16  1.95976e-18
8940  2.62506e-16  1.9465e-18
8970  2.62215e-16  2.16306e-18