#8.671646353072116
3420  1.30986e-15  9.20554e-16
3450  1.38693e-15  1.06778e-15
3480  1.63799e-15  1.14433e-15
3510  1.98686e-15  1.2018e-15
3540  2.27241e-15  1.28456e-15
3570  2.23985e-15  1.35006e-15
3600  2.18451e-15  1.29652e-15
3630  2.17188e-15  1.07032e-15
3660  2.05001e-15  7.90511e-16
3690  1.74954e-15  6.28031e-16
3720  1.45184e-15  5.35295e-16
3750  1.34965e-15  5.89752e-16
3780  1.31861e-15  5.98814e-16
3810  1.51041e-15  6.47526e-16
3840  2.07582e-15  8.44934e-16
3870  2.85684e-15  1.12994e-15
3900  3.42515e-15  1.32839e-15
3930  3.4402e-15   1.31508e-15
3960  3.02713e-15  1.21574e-15
3990  2.66317e-15  1.16364e-15
4020  2.67441e-15  1.22009e-15
4050  2.85621e-15  1.29338e-15
4080  2.88037e-15  1.28346e-15
4110  2.78289e-15  1.21078e-15
4140  2.76586e-15  1.14924e-15
4170  2.79395e-15  1.10141e-15
4200  2.67355e-15  1.00973e-15
4230  2.38081e-15  8.62964e-16
4260  2.07475e-15  7.28757e-16
4290  1.90372e-15  6.86885e-16
4320  1.83512e-15  7.38066e-16
4350  1.72851e-15  7.92747e-16
4380  1.68484e-15  7.86735e-16
4410  1.78181e-15  7.61232e-16
4440  1.99049e-15  7.89957e-16
4470  2.22598e-15  8.61236e-16
4500  2.42323e-15  9.10147e-16
4530  2.5623e-15   9.21104e-16
4560  2.64422e-15  9.25112e-16
4590  2.61407e-15  9.1243e-16
4620  2.4287e-15   8.50218e-16
4650  2.14136e-15  7.59341e-16
4680  1.85614e-15  6.91046e-16
4710  1.65882e-15  6.60549e-16
4740  1.57302e-15  6.5081e-16
4770  1.53064e-15  6.36701e-16
4800  1.42051e-15  5.9154e-16
4830  1.30028e-15  5.27557e-16
4860  1.3406e-15   5.01137e-16
4890  1.50556e-15  5.31301e-16
4920  1.5467e-15   5.5927e-16
4950  1.38452e-15  5.41297e-16
4980  1.23474e-15  5.12723e-16
5010  1.28856e-15  5.30895e-16
5040  1.47799e-15  5.95419e-16
5070  1.61951e-15  6.48804e-16
5100  1.68529e-15  6.54771e-16
5130  1.75972e-15  6.39721e-16
5160  1.86007e-15  6.36622e-16
5190  1.88271e-15  6.37855e-16
5220  1.73338e-15  5.75615e-16
5250  1.49593e-15  4.92372e-16
5280  1.35074e-15  4.5306e-16
5310  1.36069e-15  4.75867e-16
5340  1.42574e-15  5.16789e-16
5370  1.41713e-15  5.17049e-16
5400  1.30384e-15  4.69682e-16
5430  1.17408e-15  4.26622e-16
5460  1.14685e-15  4.35559e-16
5490  1.24099e-15  4.90765e-16
5520  1.35508e-15  5.44646e-16
5550  1.38831e-15  5.60404e-16
5580  1.35247e-15  5.48094e-16
5610  1.30371e-15  5.35109e-16
5640  1.26038e-15  5.31123e-16
5670  1.20747e-15  5.2505e-16
5700  1.15067e-15  5.06061e-16
5730  1.13545e-15  4.82137e-16
5760  1.19095e-15  4.71746e-16
5790  1.29011e-15  4.80907e-16
5820  1.37469e-15  4.97869e-16
5850  1.39899e-15  5.07619e-16
5880  1.36918e-15  5.05731e-16
5910  1.31092e-15  4.95255e-16
5940  1.25117e-15  4.82711e-16
5970  1.21557e-15  4.7319e-16
6000  1.18248e-15  4.56441e-16
6030  1.06548e-15  4.06895e-16
6060  8.09393e-16  3.15421e-16
6090  5.22827e-16  2.20711e-16
6120  3.92534e-16  1.78974e-16
6150  4.86312e-16  2.0886e-16
6180  6.93023e-16  2.77517e-16
6210  8.63596e-16  3.36677e-16
6240  9.47624e-16  3.68338e-16
6270  9.77235e-16  3.82323e-16
6300  9.83447e-16  3.87885e-16
6330  9.71629e-16  3.84973e-16
6360  9.4696e-16   3.74445e-16
6390  9.21543e-16  3.61439e-16
6420  8.99903e-16  3.49516e-16
6450  8.77683e-16  3.3874e-16
6480  8.52794e-16  3.28136e-16
6510  8.26526e-16  3.17445e-16
6540  7.96411e-16  3.06485e-16
6570  7.57556e-16  2.93732e-16
6600  7.11295e-16  2.78089e-16
6630  6.65906e-16  2.62177e-16
6660  6.27378e-16  2.49937e-16
6690  5.94869e-16  2.40499e-16
6720  5.6719e-16   2.29446e-16
6750  5.46838e-16  2.16974e-16
6780  5.33648e-16  2.09292e-16
6810  5.22053e-16  2.07423e-16
6840  5.06865e-16  2.0498e-16
6870  4.8891e-16   1.98945e-16
6900  4.72719e-16  1.93203e-16
6930  4.60783e-16  1.90314e-16
6960  4.52009e-16  1.87167e-16
6990  4.44694e-16  1.82433e-16
7020  4.39162e-16  1.79619e-16
7050  4.36366e-16  1.80426e-16
7080  4.34837e-16  1.82147e-16
7110  4.31844e-16  1.82277e-16
7140  4.27829e-16  1.81309e-16
7170  4.25489e-16  1.80381e-16
7200  4.24907e-16  1.79722e-16
7230  4.23565e-16  1.80181e-16
7260  3.13043e-16  4.84254e-17
7290  2.92025e-16  4.3387e-17
7320  2.72327e-16  4.36781e-17
7350  2.59998e-16  4.78747e-17
7380  2.51957e-16  3.68775e-17
7410  2.40437e-16  1.79412e-17
7440  2.00854e-16  1.03515e-17
7470  2.03422e-16  3.00202e-17
7500  2.07737e-16  3.97015e-17
7530  2.1882e-16   5.301e-17
7560  2.24878e-16  5.25673e-17
7590  2.25282e-16  5.49946e-17
7620  2.25978e-16  6.34513e-17
7650  2.29427e-16  6.79744e-17
7680  2.33517e-16  6.47945e-17
7710  2.37352e-16  6.14877e-17
7740  2.43941e-16  6.27906e-17
7770  2.54144e-16  6.69678e-17
7800  2.62342e-16  7.05907e-17
7830  2.62739e-16  7.23352e-17
7860  2.56855e-16  7.21405e-17
7890  2.49904e-16  7.13705e-17
7920  2.42167e-16  7.11508e-17
7950  2.2924e-16   7.07758e-17
7980  2.11276e-16  6.94679e-17
8010  1.97355e-16  6.71491e-17
8040  1.94664e-16  6.63264e-17
8070  1.97513e-16  6.71156e-17
8100  1.90974e-16  6.77336e-17
8130  1.68736e-16  6.71345e-17
8160  1.41957e-16  6.42752e-17
8190  1.2672e-16   5.99868e-17
8220  1.28501e-16  5.60658e-17
8250  1.39e-16     5.37259e-17
8280  1.46054e-16  5.29414e-17
8310  1.48112e-16  5.15171e-17
8340  1.56453e-16  4.87017e-17
8370  1.81262e-16  4.73456e-17
8400  2.18034e-16  5.04265e-17
8430  2.50929e-16  5.67133e-17
8460  2.69904e-16  6.28034e-17
8490  2.77739e-16  6.73398e-17
8520  2.82462e-16  6.98427e-17
8550  2.8789e-16   6.88745e-17
8580  2.91277e-16  6.52408e-17
8610  2.88796e-16  6.30976e-17
8640  2.82464e-16  6.50259e-17
8670  2.77413e-16  6.8526e-17
8700  2.73392e-16  6.94105e-17
8730  2.64646e-16  6.67046e-17
8760  2.47532e-16  6.39682e-17
8790  2.25559e-16  6.56108e-17
8820  2.05593e-16  7.0993e-17
8850  1.909e-16    7.48397e-17
8880  1.81445e-16  7.44361e-17
8910  1.76355e-16  7.32841e-17
8940  1.7389e-16   7.53252e-17
8970  1.72372e-16  7.96014e-17
9000  1.71661e-16  8.1401e-17