#-2.3965058944074094
4200  9.57182e-14  1.33005e-14
4230  8.83335e-14  1.35092e-14
4260  8.00163e-14  1.34677e-14
4290  7.88563e-14  1.42271e-14
4320  8.65874e-14  1.53276e-14
4350  9.46738e-14  1.50811e-14
4380  9.47886e-14  1.37996e-14
4410  9.08439e-14  1.39365e-14
4440  9.27719e-14  1.56637e-14
4470  1.00553e-13  1.66886e-14
4500  1.05739e-13  1.6213e-14
4530  1.05258e-13  1.57848e-14
4560  1.03416e-13  1.59147e-14
4590  1.01826e-13  1.53721e-14
4620  9.75537e-14  1.38373e-14
4650  9.03248e-14  1.2618e-14
4680  8.3889e-14   1.23669e-14
4710  8.08666e-14  1.26851e-14
4740  8.08653e-14  1.28836e-14
4770  8.09857e-14  1.23867e-14
4800  7.75452e-14  1.11555e-14
4830  7.03784e-14  9.9161e-15
4860  6.39807e-14  9.56355e-15
4890  6.18893e-14  9.97546e-15
4920  6.23464e-14  1.01095e-14
4950  6.21178e-14  9.85046e-15
4980  6.17042e-14  1.0198e-14
5010  6.39431e-14  1.1325e-14
5040  6.93756e-14  1.21812e-14
5070  7.49026e-14  1.20811e-14
5100  7.76204e-14  1.17335e-14
5130  7.83914e-14  1.17642e-14
5160  7.89503e-14  1.16079e-14
5190  7.72884e-14  1.05085e-14
5220  7.02826e-14  9.04876e-15
5250  6.05046e-14  8.31662e-15
5280  5.48032e-14  8.38781e-15
5310  5.61908e-14  8.68666e-15
5340  6.06166e-14  8.58416e-15
5370  6.17052e-14  8.09298e-15
5400  5.78251e-14  7.51844e-15
5430  5.35955e-14  6.92815e-15
5460  5.39493e-14  6.27906e-15
5490  5.83431e-14  5.65458e-15
5520  6.22585e-14  5.32503e-15
5550  6.35755e-14  5.57934e-15
5580  6.39506e-14  6.09446e-15
5610  6.47803e-14  6.15566e-15
5640  6.54644e-14  5.63597e-15
5670  6.48748e-14  4.97638e-15
5700  6.30422e-14  4.65667e-15
5730  6.08723e-14  4.72044e-15
5760  5.7817e-14   3.20933e-15
5790  5.74345e-14  2.99059e-15
5820  5.75888e-14  2.84588e-15
5850  5.72135e-14  2.64736e-15
5880  5.78413e-14  7.29796e-15
5910  5.78408e-14  6.9899e-15
5940  5.80624e-14  6.77137e-15
5970  5.76652e-14  6.67309e-15
6000  5.62388e-14  6.68647e-15
6030  5.27388e-14  6.58186e-15
6060  4.56835e-14  5.85915e-15
6090  3.48777e-14  2.15351e-15
6120  2.83616e-14  1.16734e-15
6150  2.8453e-14   1.16834e-16
6180  3.35187e-14  1.11752e-16
6210  4.1121e-14   6.48737e-15
6240  4.4844e-14   7.26333e-15
6270  4.6534e-14   7.4467e-15
6300  4.72387e-14  7.4164e-15
6330  4.72475e-14  7.44227e-15
6360  4.64365e-14  7.55406e-15
6390  4.4933e-14   7.65253e-15
6420  4.30735e-14  7.66759e-15
6450  4.1234e-14   7.66209e-15
6480  3.98042e-14  7.73396e-15
6510  3.89241e-14  7.83364e-15
6540  3.82592e-14  7.87427e-15
6570  3.74076e-14  7.87321e-15
6600  3.39154e-14  1.15163e-16
6630  3.31088e-14  1.12996e-16
6660  3.23707e-14  1.09777e-16
6690  3.15408e-14  1.07085e-16
6720  3.06522e-14  1.06408e-16
6750  2.98748e-14  1.06449e-16
6780  2.92576e-14  1.05494e-16
6810  2.86922e-14  1.05572e-16
6840  2.81001e-14  1.06867e-16
6870  2.75335e-14  1.03997e-16
6900  2.70864e-14  1.01613e-16
6930  2.67705e-14  9.86922e-17
6960  2.64734e-14  9.56414e-17
6990  2.60897e-14  9.43621e-17
7020  2.57021e-14  9.38516e-17
7050  2.54881e-14  9.28536e-17
7080  2.5395e-14   9.03705e-17
7110  2.51042e-14  8.72983e-17
7140  2.44317e-14  8.35049e-17
7170  2.35729e-14  7.97048e-17
7200  2.28171e-14  7.6953e-17
7230  2.22152e-14  7.50646e-17
7260  2.16542e-14  7.30659e-17
7290  2.10561e-14  7.05719e-17
7320  2.04473e-14  6.77443e-17
7350  1.9948e-14   6.54196e-17
7380  1.96196e-14  3.54466e-16
7410  1.93875e-14  1.09226e-15
7440  1.86878e-14  1.45828e-15
7470  1.77579e-14  1.71526e-15
7500  1.71578e-14  1.90382e-15
7530  1.70819e-14  2.01957e-15
7560  1.72685e-14  2.08926e-15
7590  1.74365e-14  2.15373e-15
7620  1.74754e-14  2.17376e-15
7650  1.74465e-14  2.08086e-15
7680  1.75834e-14  1.94217e-15
7710  1.80363e-14  1.88098e-15
7740  1.85893e-14  1.86975e-15
7770  1.89219e-14  1.77075e-15
7800  1.9004e-14   1.53436e-15
7830  1.88983e-14  1.27306e-15
7860  1.83589e-14  1.04989e-15
7890  1.71345e-14  7.46464e-16
7920  1.56613e-14  3.97224e-16
7950  1.4822e-14   6.44718e-16
7980  1.47916e-14  1.14685e-15
8010  1.50221e-14  1.45609e-15
8040  1.52526e-14  1.53962e-15
8070  1.57216e-14  1.66443e-15
8100  1.64552e-14  1.97937e-15
8130  1.6876e-14   2.27418e-15
8160  1.64609e-14  2.30126e-15
8190  1.54992e-14  2.13789e-15
8220  1.48123e-14  2.01803e-15
8250  1.47589e-14  1.99922e-15
8280  1.49304e-14  2.00928e-15
8310  1.49611e-14  2.01734e-15
8340  1.51233e-14  2.06005e-15
8370  1.57537e-14  2.15426e-15
8400  1.65761e-14  2.25001e-15
8430  1.70455e-14  2.26584e-15
8460  1.70507e-14  2.2118e-15
8490  1.68312e-14  2.1526e-15
8520  1.64972e-14  2.06467e-15
8550  1.60434e-14  1.9866e-15
8580  1.56299e-14  2.0023e-15
8610  1.5522e-14   2.09246e-15
8640  1.57507e-14  2.18794e-15
8670  1.60184e-14  2.2889e-15
8700  1.60251e-14  2.40429e-15
8730  1.57872e-14  2.47614e-15
8760  1.55103e-14  2.46919e-15
8790  1.52745e-14  2.45387e-15
8820  1.49934e-14  2.46808e-15
8850  1.46212e-14  2.4348e-15
8880  1.42323e-14  2.35318e-15
8910  1.39059e-14  2.35559e-15
8940  1.36878e-14  2.46841e-15
8970  1.36357e-14  2.5486e-15
9000  1.37053e-14  2.4769e-15