#-4.694350071212062
3420  1.14488e-14  5.29384e-15
3450  1.21507e-14  5.35257e-15
3480  2.54652e-14  1.26437e-14
3510  3.02892e-14  1.65546e-14
3540  3.35652e-14  1.9915e-14
3570  3.35556e-14  2.05845e-14
3600  3.19345e-14  1.99567e-14
3630  3.01214e-14  2.09463e-14
3660  2.68311e-14  2.18476e-14
3690  2.13587e-14  1.94867e-14
3720  1.6231e-14   1.43997e-14
3750  1.41996e-14  1.03094e-14
3780  1.53574e-14  9.01941e-15
3810  1.94229e-14  1.0852e-14
3840  2.67285e-14  1.55339e-14
3870  3.66092e-14  2.29071e-14
3900  4.50509e-14  3.00308e-14
3930  4.69449e-14  3.23537e-14
3960  4.19952e-14  2.88806e-14
3990  3.6054e-14   2.37568e-14
4020  3.63109e-14  2.29025e-14
4050  4.09777e-14  2.56965e-14
4080  4.4106e-14   2.82514e-14
4110  4.27736e-14  2.84104e-14
4140  3.92937e-14  2.73393e-14
4170  3.65293e-14  2.64998e-14
4200  3.42862e-14  2.55701e-14
4230  3.08832e-14  2.36019e-14
4260  2.6421e-14   2.06318e-14
4290  2.32623e-14  1.76922e-14
4320  2.31623e-14  1.58661e-14
4350  2.47997e-14  1.54269e-14
4380  2.55775e-14  1.57256e-14
4410  2.54318e-14  1.62632e-14
4440  2.66715e-14  1.75672e-14
4470  2.99768e-14  2.0227e-14
4500  3.30343e-14  2.33793e-14
4530  3.38007e-14  2.53025e-14
4560  3.27948e-14  2.54327e-14
4590  3.1272e-14   2.44757e-14
4620  2.92966e-14  2.28344e-14
4650  2.6627e-14   2.03915e-14
4680  2.39166e-14  1.75706e-14
4710  2.22363e-14  1.55048e-14
4740  2.18606e-14  1.48018e-14
4770  2.15841e-14  1.46206e-14
4800  1.98622e-14  1.36568e-14
4830  1.71929e-14  1.2062e-14
4860  1.5939e-14   1.14391e-14
4890  1.69553e-14  1.24307e-14
4920  1.8262e-14   1.34086e-14
4950  1.77333e-14  1.29887e-14
4980  1.72401e-14  1.19224e-14
5010  1.78964e-14  1.17096e-14
5040  1.9794e-14   1.27991e-14
5070  2.15991e-14  1.44184e-14
5100  2.23409e-14  1.57422e-14
5130  2.2405e-14   1.64944e-14
5160  2.24723e-14  1.68809e-14
5190  2.19581e-14  1.69697e-14
5220  1.97029e-14  1.61517e-14
5250  1.62541e-14  1.4016e-14
5280  1.39463e-14  1.1762e-14
5310  1.42822e-14  1.06332e-14
5340  1.59803e-14  1.12772e-14
5370  1.66067e-14  1.23699e-14
5400  1.51756e-14  1.23032e-14
5430  1.30926e-14  1.08058e-14
5460  1.26832e-14  9.26817e-15
5490  1.46806e-14  9.36716e-15
5520  1.74224e-14  1.12472e-14
5550  1.8854e-14   1.33695e-14
5580  1.87946e-14  1.42473e-14
5610  1.85618e-14  1.39696e-14
5640  1.88316e-14  1.35258e-14
5670  1.88452e-14  1.3245e-14
5700  1.77967e-14  1.26895e-14
5730  1.61958e-14  1.1737e-14
5760  1.52937e-14  1.09784e-14
5790  1.5388e-14   1.07694e-14
5820  1.60281e-14  1.12893e-14
5850  1.6403e-14   1.17624e-14
5880  1.64662e-14  1.18631e-14
5910  1.64752e-14  1.16742e-14
5940  1.65689e-14  1.14814e-14
5970  1.66625e-14  1.15463e-14
6000  1.61673e-14  1.16272e-14
6030  1.41405e-14  1.07696e-14
6060  1.05611e-14  8.37144e-15
6090  7.08546e-15  5.37949e-15
6120  5.63198e-15  3.52312e-15
6150  6.54771e-15  3.50368e-15
6180  8.77419e-15  4.72849e-15
6210  1.12385e-14  6.43225e-15
6240  1.34172e-14  8.1766e-15
6270  1.50044e-14  9.58297e-15
6300  1.57934e-14  1.03409e-14
6330  1.58848e-14  1.04876e-14
6360  1.55873e-14  1.03116e-14
6390  1.50829e-14  1.00043e-14
6420  1.44171e-14  9.59119e-15
6450  1.37186e-14  9.11234e-15
6480  1.31682e-14  8.66653e-15
6510  1.27924e-14  8.30399e-15
6540  1.24509e-14  7.98763e-15
6570  1.20215e-14  7.65133e-15
6600  1.1535e-14   7.26754e-15
6630  1.11174e-14  6.88095e-15
6660  1.08018e-14  6.55699e-15
6690  1.04552e-14  6.27443e-15
6720  9.97849e-15  5.94574e-15
6750  9.50803e-15  5.58473e-15
6780  9.26343e-15  5.33601e-15
6810  9.23354e-15  5.26188e-15
6840  9.18945e-15  5.22613e-15
6870  9.0007e-15   5.08669e-15
6900  8.77111e-15  4.88866e-15
6930  8.64057e-15  4.76132e-15
6960  8.59783e-15  4.71959e-15
6990  8.54721e-15  4.67909e-15
7020  8.46186e-15  4.60394e-15
7050  8.39306e-15  4.53422e-15
7080  8.37028e-15  4.49491e-15
7110  8.35677e-15  4.45811e-15
7140  8.29405e-15  4.39513e-15
7170  8.15241e-15  4.31176e-15
7200  7.94244e-15  4.22407e-15
7230  7.70552e-15  4.14178e-15
7260  7.49281e-15  4.08403e-15
7290  7.33815e-15  4.06938e-15
7320  7.25146e-15  4.08509e-15
7350  7.22005e-15  4.10342e-15
7380  5.43161e-15  5.43856e-16
7410  5.80496e-15  3.40188e-16
7440  5.50271e-15  2.97426e-16
7470  5.30285e-15  2.79164e-16
7500  5.42333e-15  2.86235e-16
7530  5.83411e-15  2.90401e-16
7560  6.31839e-15  3.03282e-16
7590  6.62665e-15  3.5305e-16
7620  6.61382e-15  4.09783e-16
7650  5.47399e-15  7.33225e-16
7680  6.19802e-15  3.47668e-16
7710  6.16724e-15  3.27385e-16
7740  6.25278e-15  3.63584e-16
7770  6.39522e-15  3.92493e-16
7800  6.54866e-15  3.70377e-16
7830  6.60131e-15  3.3129e-16
7860  6.53391e-15  3.03398e-16
7890  6.43006e-15  2.76012e-16
7920  6.32004e-15  2.5441e-16
7950  6.10979e-15  2.64385e-16
7980  5.75657e-15  2.85698e-16
8010  5.43559e-15  2.6715e-16
8040  5.35591e-15  2.19235e-16
8070  5.45583e-15  2.0726e-16
8100  5.42004e-15  2.41424e-16
8130  5.03793e-15  2.53476e-16
8160  4.4869e-15   2.06451e-16
8190  4.12384e-15  1.46352e-16
8220  4.07194e-15  1.38749e-16
8250  4.12366e-15  1.84632e-16
8280  4.06663e-15  2.13589e-16
8310  3.94416e-15  2.02728e-16
8340  3.92195e-15  2.08665e-16
8370  4.03647e-15  2.72787e-16
8400  4.25764e-15  3.29448e-16
8430  4.64357e-15  3.29097e-16
8460  4.92211e-15  3.29669e-16
8490  5.04906e-15  3.44775e-16
8520  5.07751e-15  3.62285e-16
8550  5.04569e-15  3.5846e-16
8580  4.96889e-15  3.2631e-16
8610  4.86848e-15  3.00694e-16
8640  4.79081e-15  3.0406e-16
8670  4.75167e-15  3.33855e-16
8700  4.71488e-15  3.76811e-16
8730  4.65472e-15  4.00171e-16
8760  4.53441e-15  4.24149e-16
8790  4.30193e-15  4.67774e-16
8820  3.95414e-15  5.1661e-16
8850  3.59679e-15  5.44918e-16
8880  3.36882e-15  5.53002e-16
8910  3.31736e-15  5.55325e-16
8940  3.36764e-15  5.59134e-16
8970  3.41644e-15  5.6007e-16
9000  3.39881e-15  5.5329e-16