#10.77120036873914
3420  9.1678e-16   9.23518e-16
3450  9.42653e-16  1.07113e-15
3480  1.13391e-15  1.14827e-15
3510  1.41785e-15  1.2056e-15
3540  1.63237e-15  1.28829e-15
3570  1.52115e-15  1.35047e-15
3600  1.4914e-15   1.29608e-15
3630  1.62384e-15  1.07139e-15
3660  1.73365e-15  7.94043e-16
3690  1.54484e-15  6.30832e-16
3720  1.21995e-15  5.36222e-16
3750  1.06908e-15  5.90865e-16
3780  1.0173e-15   5.99915e-16
3810  1.17626e-15  6.48653e-16
3840  1.63396e-15  8.4641e-16
3870  2.25821e-15  1.13165e-15
3900  2.73065e-15  1.33041e-15
3930  2.77171e-15  1.31742e-15
3960  2.41858e-15  1.2178e-15
3990  2.05367e-15  1.16451e-15
4020  1.98815e-15  1.21999e-15
4050  2.09769e-15  1.29284e-15
4080  2.12903e-15  1.28303e-15
4110  2.09903e-15  1.2109e-15
4140  2.14741e-15  1.14992e-15
4170  2.22201e-15  1.10231e-15
4200  2.16573e-15  1.01081e-15
4230  1.97821e-15  8.64637e-16
4260  1.75964e-15  7.30179e-16
4290  1.61689e-15  6.88238e-16
4320  1.50391e-15  7.39561e-16
4350  1.31827e-15  7.9272e-16
4380  1.23566e-15  7.86141e-16
4410  1.32628e-15  7.60907e-16
4440  1.52117e-15  7.90072e-16
4470  1.74014e-15  8.61801e-16
4500  1.96948e-15  9.1159e-16
4530  2.17578e-15  9.22978e-16
4560  2.31631e-15  9.27041e-16
4590  2.31812e-15  9.14355e-16
4620  2.14712e-15  8.5201e-16
4650  1.863e-15    7.60929e-16
4680  1.56957e-15  6.925e-16
4710  1.36124e-15  6.61949e-16
4740  1.27172e-15  6.52013e-16
4770  1.24446e-15  6.37953e-16
4800  1.1647e-15   5.92816e-16
4830  1.07972e-15  5.28714e-16
4860  1.14598e-15  5.0221e-16
4890  1.32105e-15  5.32432e-16
4920  1.36168e-15  5.60501e-16
4950  1.1937e-15   5.42533e-16
4980  1.03103e-15  5.13882e-16
5010  1.06013e-15  5.32061e-16
5040  1.21356e-15  5.96721e-16
5070  1.31478e-15  6.49771e-16
5100  1.37035e-15  6.5567e-16
5130  1.47205e-15  6.4102e-16
5160  1.60596e-15  6.37908e-16
5190  1.67432e-15  6.3919e-16
5220  1.59016e-15  5.76844e-16
5250  1.41625e-15  4.93422e-16
5280  1.29317e-15  4.54023e-16
5310  1.27411e-15  4.76914e-16
5340  1.29768e-15  5.17955e-16
5370  1.27906e-15  5.18219e-16
5400  1.19166e-15  4.70735e-16
5430  1.08615e-15  4.27564e-16
5460  1.04341e-15  4.36521e-16
5490  1.08499e-15  4.91852e-16
5520  1.14447e-15  5.45824e-16
5550  1.1377e-15   5.61133e-16
5580  1.08495e-15  5.48491e-16
5610  1.02797e-15  5.35381e-16
5640  9.76737e-16  5.31281e-16
5670  9.24984e-16  5.25114e-16
5700  8.87746e-16  5.06197e-16
5730  9.07766e-16  4.82675e-16
5760  9.99314e-16  4.72759e-16
5790  1.11954e-15  4.81933e-16
5820  1.2185e-15   4.98941e-16
5850  1.24845e-15  5.08734e-16
5880  1.21444e-15  5.06858e-16
5910  1.14591e-15  4.96364e-16
5940  1.07404e-15  4.83784e-16
5970  1.02832e-15  4.74216e-16
6000  9.97633e-16  4.57341e-16
6030  9.13412e-16  4.07797e-16
6060  7.073e-16    3.16152e-16
6090  4.60278e-16  2.21233e-16
6120  3.37783e-16  1.79372e-16
6150  4.11125e-16  2.0931e-16
6180  5.87445e-16  2.78117e-16
6210  7.32525e-16  3.37408e-16
6240  8.01662e-16  3.69142e-16
6270  8.26806e-16  3.83168e-16
6300  8.35519e-16  3.88755e-16
6330  8.28831e-16  3.8584e-16
6360  8.10008e-16  3.75275e-16
6390  7.91858e-16  3.62221e-16
6420  7.79076e-16  3.50255e-16
6450  7.65519e-16  3.39448e-16
6480  7.47111e-16  3.28818e-16
6510  7.24427e-16  3.18104e-16
6540  6.95519e-16  3.07124e-16
6570  6.56777e-16  2.94353e-16
6600  6.10548e-16  2.78682e-16
6630  5.65253e-16  2.62737e-16
6660  5.27353e-16  2.50478e-16
6690  4.9723e-16   2.41034e-16
6720  4.73436e-16  2.2996e-16
6750  4.56246e-16  2.17443e-16
6780  4.44697e-16  2.0973e-16
6810  4.34896e-16  2.07864e-16
6840  4.23147e-16  2.05429e-16
6870  4.09287e-16  1.99383e-16
6900  3.96003e-16  1.93624e-16
6930  3.85704e-16  1.90731e-16
6960  3.78598e-16  1.87582e-16
6990  3.73529e-16  1.82839e-16
7020  3.69979e-16  1.80022e-16
7050  3.68031e-16  1.80836e-16
7080  3.66485e-16  1.82563e-16
7110  3.63507e-16  1.82693e-16
7140  3.59812e-16  1.81719e-16
7170  3.57667e-16  1.80786e-16
7200  3.57033e-16  1.80122e-16
7230  3.56051e-16  1.80586e-16
7260  2.52532e-16  4.77062e-17
7290  2.35629e-16  4.26669e-17
7320  2.20084e-16  4.30173e-17
7350  2.09896e-16  4.72996e-17
7380  2.00155e-16  3.61432e-17
7410  1.80391e-16  1.72812e-17
7440  1.35426e-16  1.24373e-17
7470  1.54601e-16  2.93212e-17
7500  1.63543e-16  3.92526e-17
7530  1.73892e-16  5.27635e-17
7560  1.78574e-16  5.22785e-17
7590  1.79475e-16  5.47695e-17
7620  1.81198e-16  6.34243e-17
7650  1.84119e-16  6.80334e-17
7680  1.86309e-16  6.47461e-17
7710  1.88186e-16  6.13282e-17
7740  1.93139e-16  6.26335e-17
7770  2.01527e-16  6.68941e-17
7800  2.08303e-16  7.06164e-17
7830  2.09195e-16  7.24553e-17
7860  2.05929e-16  7.23362e-17
7890  2.02201e-16  7.16263e-17
7920  1.97114e-16  7.14698e-17
7950  1.86616e-16  7.11591e-17
7980  1.71344e-16  6.98957e-17
8010  1.59198e-16  6.75601e-17
8040  1.55916e-16  6.66892e-17
8070  1.55629e-16  6.74271e-17
8100  1.46093e-16  6.80198e-17
8130  1.24687e-16  6.74525e-17
8160  1.0242e-16   6.46275e-17
8190  9.13248e-17  6.03139e-17
8220  9.35202e-17  5.63077e-17
8250  1.01606e-16  5.38798e-17
8280  1.07298e-16  5.30678e-17
8310  1.10058e-16  5.1626e-17
8340  1.18019e-16  4.87215e-17
8370  1.39039e-16  4.7238e-17
8400  1.70621e-16  5.02536e-17
8430  2.01203e-16  5.65697e-17
8460  2.21645e-16  6.27445e-17
8490  2.31925e-16  6.73822e-17
8520  2.37724e-16  6.99572e-17
8550  2.43386e-16  6.8973e-17
8580  2.47969e-16  6.52621e-17
8610  2.47975e-16  6.30966e-17
8640  2.43615e-16  6.50998e-17
8670  2.38885e-16  6.86855e-17
8700  2.34537e-16  6.95855e-17
8730  2.26133e-16  6.68404e-17
8760  2.10922e-16  6.41099e-17
8790  1.92685e-16  6.58884e-17
8820  1.76819e-16  7.14772e-17
8850  1.64708e-16  7.54614e-17
8880  1.55856e-16  7.50842e-17
8910  1.50334e-16  7.39258e-17
8940  1.47646e-16  7.60101e-17
8970  1.46264e-16  8.03636e-17
9000  1.45745e-16  8.21958e-17