#113.5583714932627
3000  -5.74948e-41  1.92241e-14
3030  -4.40218e-47  2.02422e-14
3060   1.94798e-48  2.29688e-14
3090   6.99417e-52  2.20606e-14
3120  -9.42553e-55  2.33086e-14
3150   3.68427e-42  2.29773e-14
3180   4.55674e-35  2.17879e-14
3210   5.82674e-32  1.99977e-14
3240   3.51827e-40  1.70537e-14
3270   3.3984e-48   1.71301e-14
3300   9.52926e-49  2.03169e-14
3330   3.01828e-47  2.34693e-14
3360   1.66791e-45  2.48724e-14
3390   4.62329e-16  9.27309e-16
3420   4.73347e-16  1.57601e-15
3450   5.43587e-16  2.12602e-15
3480   5.85021e-16  3.50551e-15
3510   6.14664e-16  5.82979e-15
3540   7.54766e-16  5.98247e-15
3570   8.09975e-16  6.82664e-15
3600   7.41868e-16  8.59641e-15
3630   6.26083e-16  8.64909e-15
3660   6.08013e-16  8.25201e-15
3690   7.2592e-16   7.67436e-15
3720   8.07539e-16  6.95453e-15
3750   6.64716e-16  6.15969e-15
3780   3.52627e-16  5.48053e-15
3810   1.63138e-16  5.42663e-15
3840   2.71011e-16  6.59274e-15
3870   5.64331e-16  8.48775e-15
3900   8.42962e-16  1.00345e-14
3930   1.03145e-15  1.04846e-14
3960   1.14937e-15  9.57084e-15
3990   1.19295e-15  8.68779e-15
4020   1.13157e-15  8.36703e-15
4050   9.83043e-16  8.17533e-15
4080   8.26652e-16  8.12891e-15
4110   7.46893e-16  7.82133e-15
4140   7.72441e-16  7.3262e-15
4170   8.68568e-16  6.41644e-15
4200   9.52073e-16  6.06573e-15
4230   9.7532e-16   5.56249e-15
4260   9.86175e-16  4.93882e-15
4290   1.07196e-15  4.58179e-15
4320   1.21081e-15  4.4859e-15
4350   1.24682e-15  4.48711e-15
4380   1.07951e-15  4.4107e-15
4410   8.11998e-16  4.41661e-15
4440   6.54253e-16  4.76343e-15
4470   7.06808e-16  4.84421e-15
4500   9.52743e-16  4.8917e-15
4530   1.37755e-15  5.01995e-15
4560   1.94926e-15  5.09676e-15
4590   2.52373e-15  5.08173e-15
4620   2.91789e-15  4.95334e-15
4650   3.07571e-15  4.68236e-15
4680   3.02608e-15  4.33078e-15
4710   2.71761e-15  4.06855e-15
4740   2.10915e-15  3.99561e-15
4770   1.41416e-15  4.01305e-15
4800   9.74439e-16  3.95483e-15
4830   8.68646e-16  3.70285e-15
4860   9.03712e-16  3.40629e-15
4890   9.85901e-16  3.33295e-15
4920   1.19485e-15  3.41724e-15
4950   1.46358e-15  3.46005e-15
4980   1.51946e-15  3.39302e-15
5010   1.26186e-15  3.36582e-15
5040   9.43496e-16  3.5213e-15
5070   8.60222e-16  3.77188e-15
5100   1.02313e-15  3.97981e-15
5130   1.23429e-15  4.07685e-15
5160   1.35887e-15  4.08093e-15
5190   1.42423e-15  3.98142e-15
5220   1.5122e-15   3.77644e-15
5250   1.63704e-15  3.51843e-15
5280   1.7479e-15   3.31031e-15
5310   1.8044e-15   3.19805e-15
5340   1.61146e-15  1.07643e-14
5370   1.51282e-15  1.04732e-14
5400   1.31016e-15  1.00725e-14
5430   1.09457e-15  9.59271e-15
5460   9.9866e-16   9.29564e-15
5490   1.02194e-15  9.29821e-15
5520   1.01691e-15  9.59478e-15
5550   8.7625e-16   9.97613e-15
5580   6.52382e-16  1.00729e-14
5610   4.46633e-16  1.00564e-14
5640   3.17033e-16  9.63726e-15
5670   2.49935e-16  9.09372e-15
5700   2.53411e-16  8.76037e-15
5730   3.78504e-16  8.78317e-15
5760   6.61456e-16  9.13583e-15
5790   1.04773e-15  9.7951e-15
5820   1.39788e-15  1.04801e-14
5850   1.583e-15    1.08652e-14
5880   1.58364e-15  1.08121e-14
5910   1.46771e-15  1.03817e-14
5940   1.29156e-15  9.81315e-15
5970   1.07795e-15  9.42841e-15
6000   8.74261e-16  9.24259e-15
6030   7.53381e-16  8.71376e-15
6060   7.35163e-16  7.40481e-15
6090   7.60511e-16  5.77399e-15
6120   7.7153e-16   4.64601e-15
6150   7.89929e-16  4.01055e-15
6180   8.42688e-16  3.45501e-15
6210   8.72609e-16  3.28379e-15
6240   8.13795e-16  3.48394e-15
6270   6.72255e-16  2.37439e-15
6300   5.03649e-16  2.3794e-15
6330   4.29905e-16  2.36781e-15
6360   4.89759e-16  2.34729e-15
6390   6.33458e-16  2.31449e-15
6420   7.88423e-16  2.2792e-15
6450   9.1186e-16   2.26174e-15
6480   9.7205e-16   2.25608e-15
6510   9.26687e-16  2.24103e-15
6540   7.70327e-16  2.21611e-15
6570   5.77165e-16  2.18992e-15
6600   4.37203e-16  2.17007e-15
6630   3.62636e-16  2.15962e-15
6660   3.04596e-16  2.14801e-15
6690   2.40129e-16  2.12569e-15
6720   1.95079e-16  2.08806e-15
6750   1.90151e-16  2.02232e-15
6780   2.06803e-16  1.93188e-15
6810   2.1974e-16   1.84998e-15
6840   2.35216e-16  1.80881e-15
6870   2.72879e-16  1.78544e-15
6900   3.23989e-16  1.73645e-15
6930   3.56452e-16  1.66843e-15
6960   3.60814e-16  1.62049e-15
6990   3.64869e-16  1.60714e-15
7020   3.99399e-16  1.59982e-15
7050   4.62097e-16  1.59257e-15
7080   5.2678e-16   1.58687e-15
7110   5.69506e-16  1.57232e-15
7140   5.83017e-16  1.53615e-15
7170   5.81899e-16  1.4952e-15
7200   5.92715e-16  1.49071e-15
7230   6.2276e-16   1.51731e-15
7260   6.45021e-16  1.52182e-15
7290   6.31436e-16  1.47687e-15
7320   5.89525e-16  1.42056e-15
7350   5.52194e-16  1.39265e-15
7380   5.41444e-16  1.37554e-15
7410   5.49766e-16  1.30603e-15
7440   5.62123e-16  1.27206e-15
7470   5.45467e-16  1.23805e-15
7500   4.80553e-16  1.21362e-15
7530   3.83305e-16  1.21074e-15
7560   3.06684e-16  1.24987e-15
7590   3.03547e-16  1.31419e-15
7620   3.73303e-16  1.31249e-15
7650   4.62284e-16  1.27812e-15
7680   5.0934e-16   1.25499e-15
7710   5.00597e-16  1.26203e-15
7740   4.48396e-16  1.27392e-15
7770   3.73828e-16  1.26646e-15
7800   3.01745e-16  1.24044e-15
7830   2.52188e-16  1.20725e-15
7860   2.26296e-16  1.16566e-15
7890   2.10831e-16  1.11567e-15
7920   1.98438e-16  1.06651e-15
7950   1.92312e-16  1.02723e-15
7980   1.92039e-16  1.01778e-15
8010   1.90091e-16  1.05206e-15
8040   1.81532e-16  1.08564e-15
8070   1.65947e-16  1.10486e-15
8100   1.42724e-16  1.12034e-15
8130   1.11147e-16  1.10285e-15
8160   7.22762e-17  1.0462e-15
8190   3.18404e-17  9.90214e-16
8220   5.48522e-18  9.85196e-16
8250   1.03053e-17  1.03412e-15
8280   4.18205e-17  1.05723e-15
8310   6.66139e-17  1.06565e-15
8340   6.1591e-17   1.05634e-15
8370   4.83537e-17  1.09578e-15
8400   6.63183e-17  1.15777e-15
8430   1.206e-16    1.21418e-15
8460   1.78527e-16  1.25779e-15
8490   2.0984e-16   1.30438e-15
8520   2.16391e-16  1.31075e-15
8550   2.18958e-16  1.3263e-15
8580   2.28451e-16  1.33764e-15
8610   2.35467e-16  1.35444e-15
8640   2.31652e-16  1.36839e-15
8670   2.29629e-16  1.37442e-15
8700   2.46882e-16  1.35865e-15
8730   2.82308e-16  1.31952e-15
8760   3.19881e-16  1.24909e-15
8790   3.49157e-16  1.25463e-15
8820   3.72384e-16  1.25445e-15
8850   3.87375e-16  1.21968e-15
8880   3.84989e-16  1.17565e-15
8910   3.63305e-16  1.14286e-15
8940   3.3107e-16   1.24214e-15
8970   3.12511e-16  1.15422e-15
9000   3.04135e-16  1.19604e-15