#-6.71214928288039
3720  8.4918e-16   2.54918e-18
3750  1.09045e-15  3.1975e-18
3780  1.3473e-15   3.94049e-18
3810  1.74875e-15  1.38896e-15
3840  2.13072e-15  1.52492e-15
3870  2.4596e-15   1.73235e-15
3900  2.66043e-15  1.8216e-15
3930  2.72345e-15  1.72645e-15
3960  2.61145e-15  1.51444e-15
3990  2.36258e-15  1.33172e-15
4020  2.20317e-15  1.32057e-15
4050  2.28469e-15  1.48493e-15
4080  2.43046e-15  1.64067e-15
4110  2.37788e-15  1.61217e-15
4140  2.13967e-15  1.44551e-15
4170  1.90249e-15  1.2953e-15
4200  1.713e-15    1.19115e-15
4230  1.49103e-15  1.05017e-15
4260  1.26615e-15  8.6262e-16
4290  1.20075e-15  7.27038e-16
4320  1.35268e-15  7.12697e-16
4350  1.55027e-15  7.71175e-16
4380  1.59677e-15  8.03006e-16
4410  1.52706e-15  7.91413e-16
4440  1.53537e-15  8.05958e-16
4470  1.6708e-15   8.70538e-16
4500  1.78289e-15  9.1622e-16
4530  1.77041e-15  8.91166e-16
4560  1.69227e-15  8.35053e-16
4590  1.61876e-15  7.95092e-16
4620  1.53246e-15  7.5003e-16
4650  1.41091e-15  6.73012e-16
4680  1.29161e-15  5.94412e-16
4710  1.22483e-15  5.49525e-16
4740  1.22264e-15  5.32239e-16
4770  1.24639e-15  5.26322e-16
4800  1.2202e-15   5.18324e-16
4830  1.10951e-15  4.85712e-16
4860  9.85911e-16  4.26206e-16
4890  9.45383e-16  3.78282e-16
4920  9.83579e-16  3.75699e-16
4950  1.02683e-15  4.00468e-16
4980  1.05135e-15  4.10528e-16
5010  1.09785e-15  4.02291e-16
5040  1.18083e-15  4.14353e-16
5070  1.24887e-15  4.66563e-16
5100  1.26161e-15  5.15577e-16
5130  1.20798e-15  4.84592e-16
5160  1.22633e-15  4.02508e-16
5190  1.22566e-15  3.40153e-16
5220  1.1382e-15   3.50457e-16
5250  9.93411e-16  3.83167e-16
5280  8.90566e-16  3.71068e-16
5310  8.84383e-16  3.52979e-16
5340  9.33242e-16  3.71999e-16
5370  9.51524e-16  3.97351e-16
5400  8.99891e-16  3.75531e-16
5430  8.22364e-16  3.03697e-16
5460  7.9549e-16   2.3235e-16
5490  8.37423e-16  2.05094e-16
5520  8.86209e-16  2.16723e-16
5550  8.86515e-16  2.36716e-16
5580  8.59674e-16  2.49187e-16
5610  8.54569e-16  2.56182e-16
5640  8.73776e-16  2.72835e-16
5670  8.79314e-16  3.14922e-16
5700  8.51154e-16  3.75002e-16
5730  8.07756e-16  4.22137e-16
5760  7.7825e-16   4.3945e-16
5790  7.72817e-16  4.38287e-16
5820  7.8229e-16   4.28775e-16
5850  7.95285e-16  4.06691e-16
5880  8.41043e-16  3.81018e-16
5910  8.23664e-16  3.45377e-16
5940  7.84273e-16  3.17055e-16
5970  7.3389e-16   2.91902e-16
6000  6.85686e-16  2.66905e-16
6030  6.39681e-16  2.38977e-16
6060  5.86698e-16  2.02692e-16
6090  5.2774e-16   1.60109e-16
6120  4.84319e-16  1.2698e-16
6150  4.84073e-16  1.20469e-16
6180  5.33853e-16  1.44994e-16
6210  6.08154e-16  1.9023e-16
6240  6.72875e-16  2.37712e-16
6270  7.10764e-16  2.70848e-16
6300  7.22483e-16  2.82999e-16
6330  7.16946e-16  2.78874e-16
6360  7.01947e-16  2.66377e-16
6390  6.80825e-16  2.47835e-16
6420  6.56458e-16  2.22913e-16
6450  6.34143e-16  1.96133e-16
6480  6.17534e-16  1.74576e-16
6510  6.04665e-16  1.6016e-16
6540  5.9061e-16   1.49996e-16
6570  5.74087e-16  1.47524e-16
6600  5.58645e-16  1.58165e-16
6630  5.46626e-16  1.67501e-16
6660  5.35765e-16  1.53677e-16
6690  5.21957e-16  1.19269e-16
6720  5.04812e-16  9.61935e-17
6750  4.88917e-16  1.05453e-16
6780  4.7845e-16   1.26318e-16
6810  4.69398e-16  1.31735e-16
6840  4.55973e-16  1.22268e-16
6870  4.40987e-16  1.14863e-16
6900  4.32232e-16  1.16978e-16
6930  4.30496e-16  1.2049e-16
6960  4.28684e-16  1.16104e-16
6990  4.2242e-16   1.05532e-16
7020  4.14514e-16  9.78858e-17
7050  4.08245e-16  9.73024e-17
7080  4.03398e-16  9.95625e-17
7110  3.995e-16    1.00515e-16
7140  3.96293e-16  1.01259e-16
7170  3.91513e-16  1.04209e-16
7200  3.83824e-16  1.07544e-16
7230  3.76341e-16  1.04255e-16
7260  3.7192e-16   9.01029e-17
7290  3.67444e-16  7.46458e-17
7320  3.58679e-16  7.1278e-17
7350  3.47895e-16  6.79497e-17
7380  3.40168e-16  3.49502e-17
7410  3.41506e-16  2.49599e-17
7440  3.24889e-16  4.76772e-17
7470  3.20636e-16  1.16912e-17
7500  3.08974e-16  4.10675e-17
7530  3.09788e-16  5.96585e-17
7560  3.14615e-16  5.77139e-17
7590  3.19825e-16  6.21936e-17
7620  3.23778e-16  7.59871e-17
7650  3.26353e-16  8.67856e-17
7680  3.28201e-16  9.49572e-17
7710  3.30463e-16  1.10778e-16
7740  3.32961e-16  1.35105e-16
7770  3.33788e-16  1.57103e-16
7800  3.29547e-16  1.68968e-16
7830  3.14981e-16  1.74723e-16
7860  2.87699e-16  1.8453e-16
7890  2.55548e-16  2.02317e-16
7920  2.32191e-16  2.21626e-16
7950  2.11271e-16  6.15299e-19
7980  2.10768e-16  5.694e-19
8010  2.06564e-16  5.48116e-19
8040  2.01281e-16  5.28511e-19
8070  2.06256e-16  5.11584e-19
8100  2.23181e-16  5.36816e-19
8130  2.40842e-16  6.1078e-19
8160  2.48116e-16  6.51493e-19
8190  2.44203e-16  6.3925e-19
8220  2.37233e-16  5.90467e-19
8250  2.35779e-16  5.6835e-19
8280  2.40579e-16  6.03365e-19
8310  2.45247e-16  6.58783e-19
8340  2.46809e-16  6.82009e-19
8370  2.50227e-16  6.88771e-19
8400  2.58918e-16  7.28273e-19
8430  2.68401e-16  8.04925e-19
8460  2.81823e-16  3.39391e-17
8490  2.81784e-16  2.99722e-17
8520  2.75083e-16  9.5913e-19
8550  2.71395e-16  9.68071e-19
8580  2.63152e-16  9.69246e-19
8610  2.5379e-16   9.69078e-19
8640  2.47362e-16  9.68205e-19
8670  2.43502e-16  9.52624e-19
8700  2.39608e-16  9.21966e-19
8730  2.35274e-16  8.8449e-19
8760  2.31196e-16  8.44605e-19
8790  2.26136e-16  8.0416e-19
8820  2.18183e-16  7.64154e-19
8850  2.08109e-16  7.25446e-19
8880  1.99405e-16  6.92949e-19
8910  1.94667e-16  6.76057e-19
8940  1.92795e-16  6.71483e-19
8970  1.90685e-16  6.58906e-19