#1.8261237252487907
3420  2.69788e-15  9.27076e-16
3450  2.95902e-15  1.07487e-15
3480  3.30464e-15  1.15286e-15
3510  3.74348e-15  1.21018e-15
3540  4.19745e-15  1.29297e-15
3570  4.47858e-15  1.3462e-15
3600  4.28299e-15  1.29085e-15
3630  3.49397e-15  1.06891e-15
3660  2.52748e-15  7.95107e-16
3690  2.02411e-15  6.31674e-16
3720  1.94068e-15  5.33883e-16
3750  2.03086e-15  5.88277e-16
3780  2.07907e-15  5.97292e-16
3810  2.32285e-15  6.45824e-16
3840  3.04054e-15  8.42717e-16
3870  4.05843e-15  1.12666e-15
3900  4.76724e-15  1.32455e-15
3930  4.72352e-15  1.30546e-15
3960  4.28487e-15  1.2067e-15
3990  4.04143e-15  1.15347e-15
4020  4.26074e-15  1.20792e-15
4050  4.57469e-15  1.2798e-15
4080  4.53606e-15  1.27015e-15
4110  4.21168e-15  1.19904e-15
4140  3.94101e-15  1.13893e-15
4170  3.76895e-15  1.0919e-15
4200  3.462e-15    1.00137e-15
4230  2.9507e-15   8.56819e-16
4260  2.51835e-15  7.23579e-16
4290  2.3785e-15   6.82019e-16
4320  2.49831e-15  7.32886e-16
4350  2.68378e-15  7.84905e-16
4380  2.68986e-15  7.78066e-16
4410  2.66639e-15  7.53232e-16
4440  2.81966e-15  7.82351e-16
4470  3.05101e-15  8.53598e-16
4500  3.13526e-15  9.03247e-16
4530  3.1009e-15   9.1465e-16
4560  3.05513e-15  9.18686e-16
4590  2.96496e-15  9.06118e-16
4620  2.75854e-15  8.44335e-16
4650  2.49349e-15  7.54072e-16
4680  2.28824e-15  6.86261e-16
4710  2.18456e-15  6.55987e-16
4740  2.15127e-15  6.46093e-16
4770  2.08233e-15  6.32181e-16
4800  1.90771e-15  5.8748e-16
4830  1.7055e-15   5.2396e-16
4860  1.64673e-15  4.97689e-16
4890  1.73475e-15  5.27638e-16
4920  1.77876e-15  5.55462e-16
4950  1.69318e-15  5.37663e-16
4980  1.6252e-15   5.09267e-16
5010  1.72138e-15  5.27277e-16
5040  1.9314e-15   5.91355e-16
5070  2.11169e-15  6.438e-16
5100  2.16016e-15  6.49618e-16
5130  2.14125e-15  6.35236e-16
5160  2.14268e-15  6.32151e-16
5190  2.06055e-15  6.36356e-16
5220  1.79517e-15  5.74282e-16
5250  1.47683e-15  4.91231e-16
5280  1.33505e-15  4.52007e-16
5310  1.42154e-15  4.74788e-16
5340  1.5595e-15   5.1564e-16
5370  1.55552e-15  5.15902e-16
5400  1.39704e-15  4.68632e-16
5430  1.25175e-15  4.25658e-16
5460  1.28144e-15  4.34575e-16
5490  1.46729e-15  4.89658e-16
5520  1.65137e-15  5.43396e-16
5550  1.74474e-15  5.58583e-16
5580  1.75164e-15  5.45923e-16
5610  1.74262e-15  5.3284e-16
5640  1.74047e-15  5.28721e-16
5670  1.70971e-15  5.22548e-16
5700  1.62682e-15  5.03747e-16
5730  1.52438e-15  4.80455e-16
5760  1.47192e-15  4.70658e-16
5790  1.49632e-15  4.79792e-16
5820  1.53112e-15  4.96723e-16
5850  1.54298e-15  5.06467e-16
5880  1.53185e-15  5.04596e-16
5910  1.50673e-15  4.94147e-16
5940  1.48138e-15  4.81626e-16
5970  1.46731e-15  4.72104e-16
6000  1.42505e-15  4.553e-16
6030  1.25194e-15  4.05978e-16
6060  9.42539e-16  3.14734e-16
6090  6.37926e-16  2.20238e-16
6120  5.2436e-16   1.78572e-16
6150  6.41527e-16  2.08379e-16
6180  8.66908e-16  2.7688e-16
6210  1.05684e-15  3.35906e-16
6240  1.15966e-15  3.67498e-16
6270  1.19751e-15  3.81459e-16
6300  1.19982e-15  3.87019e-16
6330  1.18105e-15  3.84115e-16
6360  1.14991e-15  3.73601e-16
6390  1.11291e-15  3.6061e-16
6420  1.07308e-15  3.48701e-16
6450  1.03303e-15  3.37943e-16
6480  9.96604e-16  3.27361e-16
6510  9.64661e-16  3.16694e-16
6540  9.32601e-16  3.05763e-16
6570  8.96204e-16  2.93046e-16
6600  8.58189e-16  2.77444e-16
6630  8.23133e-16  2.6157e-16
6660  7.87492e-16  2.49363e-16
6690  7.4583e-16   2.39959e-16
6720  7.06091e-16  2.28933e-16
6750  6.82663e-16  2.16476e-16
6780  6.73873e-16  2.088e-16
6810  6.63186e-16  2.06941e-16
6840  6.42342e-16  2.04514e-16
6870  6.19891e-16  1.98494e-16
6900  6.05184e-16  1.92762e-16
6930  5.95241e-16  1.89881e-16
6960  5.82104e-16  1.86745e-16
6990  5.6586e-16   1.82023e-16
7020  5.54069e-16  1.79218e-16
7050  5.50486e-16  1.80027e-16
7080  5.50142e-16  1.81746e-16
7110  5.4703e-16   1.81875e-16
7140  5.41869e-16  1.80907e-16
7170  5.3917e-16   1.79978e-16
7200  5.39602e-16  1.79318e-16
7230  5.38042e-16  1.79779e-16
7260  4.08248e-16  4.59558e-17
7290  3.8427e-16   4.11248e-17
7320  3.69523e-16  4.14427e-17
7350  3.64926e-16  4.55204e-17
7380  3.48761e-16  3.48729e-17
7410  3.17382e-16  1.67464e-17
7440  3.12146e-16  1.00529e-17
7470  2.71979e-16  2.83245e-17
7500  2.99381e-16  3.77668e-17
7530  3.26002e-16  5.0638e-17
7560  3.33002e-16  5.01898e-17
7590  3.29955e-16  5.25511e-17
7620  3.30044e-16  6.07566e-17
7650  3.34842e-16  6.51312e-17
7680  3.40707e-16  6.2032e-17
7710  3.47351e-16  5.88063e-17
7740  3.56662e-16  6.00555e-17
7770  3.66691e-16  6.41005e-17
7800  3.70414e-16  6.76207e-17
7830  3.63016e-16  6.93371e-17
7860  3.48407e-16  6.91854e-17
7890  3.33702e-16  6.84743e-17
7920  3.19914e-16  6.82904e-17
7950  3.03444e-16  6.79567e-17
7980  2.857e-16    6.67204e-17
8010  2.76329e-16  6.44923e-17
8040  2.81731e-16  6.3686e-17
8070  2.961e-16    6.44218e-17
8100  3.02535e-16  6.50034e-17
8130  2.87967e-16  6.44425e-17
8160  2.59634e-16  6.17167e-17
8190  2.38893e-16  5.75983e-17
8220  2.38321e-16  5.38079e-17
8250  2.49266e-16  5.15288e-17
8280  2.5446e-16   5.0765e-17
8310  2.52438e-16  4.93927e-17
8340  2.58573e-16  4.66536e-17
8370  2.8255e-16   4.52891e-17
8400  3.15497e-16  4.82045e-17
8430  3.40608e-16  5.4242e-17
8460  3.51272e-16  6.01197e-17
8490  3.52993e-16  6.45154e-17
8520  3.52497e-16  6.69472e-17
8550  3.50831e-16  6.60123e-17
8580  3.4586e-16   6.24946e-17
8610  3.38275e-16  6.04309e-17
8640  3.33141e-16  6.23145e-17
8670  3.32979e-16  6.5707e-17
8700  3.32984e-16  6.65612e-17
8730  3.26088e-16  6.39516e-17
8760  3.09924e-16  6.13334e-17
8790  2.88071e-16  6.29663e-17
8820  2.66837e-16  6.8202e-17
8850  2.50902e-16  7.19351e-17
8880  2.41875e-16  7.1557e-17
8910  2.38355e-16  7.04508e-17
8940  2.37177e-16  7.24216e-17
8970  2.36574e-16  7.65472e-17
9000  2.35688e-16  7.82842e-17