#-1.3722337485188156
3990  1.60824e-15  1.55294e-17
4020  1.37023e-15  1.89617e-16
4050  1.37676e-15  8.85892e-18
4080  1.49165e-15  1.73676e-17
4110  1.35169e-15  2.09557e-17
4140  1.14171e-15  1.01143e-17
4170  1.07146e-15  6.54276e-18
4200  1.07801e-15  7.96256e-18
4230  1.05074e-15  8.83698e-18
4260  1.00666e-15  8.31916e-18
4290  9.69293e-16  9.35119e-18
4320  8.99722e-16  9.49603e-18
4350  8.24054e-16  5.34152e-18
4380  8.83243e-16  5.12893e-17
4410  1.12973e-15  6.19652e-17
4440  1.46449e-15  8.54609e-18
4470  1.76384e-15  1.0953e-17
4500  1.91795e-15  1.35879e-17
4530  1.91139e-15  1.57198e-17
4560  1.77673e-15  1.63285e-17
4590  1.59477e-15  1.38866e-17
4620  1.44828e-15  1.06663e-17
4650  1.36847e-15  8.95808e-18
4680  1.35448e-15  8.29166e-18
4710  1.39987e-15  8.28032e-18
4740  1.471e-15    8.75586e-18
4770  1.50253e-15  9.57916e-18
4800  1.44107e-15  1.00682e-17
4830  1.29522e-15  8.68296e-18
4860  1.14e-15     6.9043e-18
4890  1.04426e-15  6.13542e-18
4920  9.98617e-16  5.72952e-18
4950  9.47241e-16  5.87215e-18
4980  9.00048e-16  5.16485e-18
5010  9.18105e-16  4.92932e-18
5040  1.00555e-15  5.49483e-18
5070  1.0868e-15   6.37085e-18
5100  1.11329e-15  6.78323e-18
5130  1.12295e-15  6.91506e-18
5160  1.15878e-15  7.30664e-18
5190  1.03954e-15  3.03858e-16
5220  1.0456e-15   3.02979e-16
5250  1.01756e-15  3.21781e-16
5280  1.00379e-15  3.53094e-16
5310  1.03123e-15  3.82535e-16
5340  1.07561e-15  4.11246e-16
5370  1.08878e-15  4.341e-16
5400  1.04485e-15  4.362e-16
5430  9.64224e-16  4.08997e-16
5460  8.95792e-16  3.65901e-16
5490  8.78626e-16  3.32901e-16
5520  9.09449e-16  3.23143e-16
5550  9.4252e-16   3.24781e-16
5580  9.33578e-16  3.16534e-16
5610  8.85655e-16  2.91801e-16
5640  8.41473e-16  2.67761e-16
5670  8.26577e-16  2.65223e-16
5700  8.13876e-16  2.76357e-16
5730  7.71901e-16  2.77711e-16
5760  7.28449e-16  2.7095e-16
5790  7.43203e-16  2.8841e-16
5820  8.32886e-16  3.45013e-16
5850  9.46281e-16  4.09559e-16
5880  1.01299e-15  4.38977e-16
5910  1.00863e-15  4.2321e-16
5940  9.70525e-16  3.88018e-16
5970  9.44306e-16  3.60517e-16
6000  9.18237e-16  3.42855e-16
6030  8.29707e-16  3.18017e-16
6060  6.53468e-16  2.73312e-16
6090  4.71679e-16  2.17305e-16
6120  3.81244e-16  1.66421e-16
6150  3.9872e-16   1.4589e-16
6180  4.75307e-16  1.58665e-16
6210  5.59496e-16  1.83092e-16
6240  6.37848e-16  2.0919e-16
6270  7.11292e-16  2.39838e-16
6300  7.70781e-16  2.75449e-16
6330  8.06035e-16  3.05976e-16
6360  5.39071e-16  3.06233e-18
6390  5.3277e-16   3.01613e-18
6420  5.21676e-16  2.92166e-18
6450  5.08701e-16  2.82763e-18
6480  7.41419e-16  2.7336e-16
6510  7.19609e-16  2.50643e-16
6540  6.93409e-16  2.2399e-16
6570  6.68092e-16  2.03645e-16
6600  6.4705e-16   1.91747e-16
6630  6.26539e-16  1.83477e-16
6660  6.07346e-16  1.7965e-16
6690  5.958e-16    1.837e-16
6720  5.84875e-16  1.85354e-16
6750  5.57922e-16  1.70778e-16
6780  5.2308e-16   1.49548e-16
6810  5.12494e-16  1.48774e-16
6840  5.31161e-16  1.71944e-16
6870  5.47647e-16  1.91613e-16
6900  5.45282e-16  1.90796e-16
6930  5.40236e-16  1.82865e-16
6960  5.45427e-16  1.85161e-16
6990  5.48729e-16  1.92087e-16
7020  5.36436e-16  1.87991e-16
7050  5.15702e-16  1.72651e-16
7080  5.03883e-16  1.5979e-16
7110  5.06403e-16  1.57144e-16
7140  5.11557e-16  1.58646e-16
7170  5.05924e-16  1.56209e-16
7200  4.90355e-16  1.50322e-16
7230  4.77458e-16  1.47541e-16
7260  4.74768e-16  1.51254e-16
7290  4.75071e-16  1.56508e-16
7320  4.66769e-16  1.55398e-16
7350  4.50481e-16  1.48468e-16
7380  4.35461e-16  1.45283e-16
7410  4.17191e-16  1.45708e-16
7440  3.74133e-16  1.29128e-16
7470  3.00732e-16  8.22967e-17
7500  2.29087e-16  3.06664e-17
7530  2.10457e-16  2.97707e-17
7560  2.44024e-16  6.69893e-17
7590  2.88678e-16  9.8242e-17
7620  3.3255e-16   1.0808e-16
7650  3.78884e-16  1.14465e-16
7680  4.23393e-16  1.32149e-16
7710  4.56418e-16  1.5081e-16
7740  4.78957e-16  1.58959e-16
7770  4.97667e-16  1.62714e-16
7800  5.11606e-16  1.72228e-16
7830  5.13851e-16  1.84243e-16
7860  5.00935e-16  1.87037e-16
7890  4.76966e-16  1.78477e-16
7920  4.5135e-16   1.70254e-16
7950  4.33143e-16  1.69523e-16
7980  4.26219e-16  1.69711e-16
8010  4.25433e-16  1.67616e-16
8040  3.47772e-16  2.1894e-16
8070  1.45831e-16  7.93151e-17
8100  1.22113e-16  6.34853e-17
8130  1.00292e-16  4.69568e-17
8160  8.72429e-17  3.31614e-17
8190  8.16385e-17  2.36813e-17
8220  7.79371e-17  2.00982e-17
8250  7.5088e-17   2.15655e-17
8280  7.63864e-17  2.39909e-17
8310  8.35336e-17  2.61878e-17
8340  9.6478e-17   3.15294e-17
8370  1.1365e-16   4.30934e-17
8400  1.3148e-16   5.87235e-17
8430  1.4562e-16   7.42356e-17
8460  1.54425e-16  8.81739e-17
8490  1.59116e-16  1.00868e-16
8520  1.60883e-16  1.10238e-16
8550  1.60094e-16  1.13195e-16
8580  1.5812e-16   1.1103e-16
8610  1.5732e-16   1.08595e-16
8640  1.5805e-16   1.08047e-16
8670  1.58004e-16  1.06402e-16
8700  1.53992e-16  1.00612e-16
8730  1.46757e-16  9.10481e-17
8760  1.365e-16    8.23046e-17
8790  1.233e-16    7.62604e-17
8820  1.09693e-16  6.87519e-17
8850  9.71616e-17  5.73238e-17
8880  9.05725e-17  4.47069e-17
8910  9.12232e-17  3.86082e-17
8940  9.68261e-17  4.17051e-17
8970  1.02638e-16  4.79885e-17
9000  1.0704e-16   5.09009e-17