#70.72495066685659
3000  -1.88406e-22  1.92241e-14
3030  -1.08683e-23  2.02422e-14
3060  -5.20168e-24  2.29688e-14
3090   2.04537e-24  2.20606e-14
3120  -2.02117e-25  2.33086e-14
3150   9.43405e-22  2.29773e-14
3180   6.81016e-20  2.17879e-14
3210   3.01294e-19  1.99977e-14
3240   1.73715e-21  1.70537e-14
3270   1.8823e-24   1.71301e-14
3300   5.78626e-25  2.03169e-14
3330   8.91951e-24  2.34693e-14
3360   7.20191e-23  2.48724e-14
3390   3.61203e-17  2.10063e-14
3420   1.15954e-16  1.20189e-14
3450   3.80627e-16  1.3326e-14
3480   4.88094e-16  1.24708e-14
3510   6.86735e-16  9.64399e-15
3540   8.27069e-16  9.84057e-15
3570   9.14713e-16  1.0913e-14
3600   7.64322e-16  1.3449e-14
3630   7.27137e-16  1.27806e-14
3660   9.9383e-16   1.11719e-14
3690   1.23458e-15  1.00737e-14
3720   1.25158e-15  9.80405e-15
3750   8.1078e-16   9.36268e-15
3780   7.71368e-16  5.8313e-15
3810   6.47639e-16  5.7793e-15
3840   9.25496e-16  7.0154e-15
3870   1.55818e-15  9.00799e-15
3900   2.23345e-15  1.06381e-14
3930   2.70683e-15  1.11124e-14
3960   2.94013e-15  1.01659e-14
3990   2.89169e-15  9.26173e-15
4020   2.5636e-15   8.94828e-15
4050   2.13171e-15  8.76228e-15
4080   1.81714e-15  8.70976e-15
4110   1.70122e-15  8.36975e-15
4140   1.72549e-15  7.83459e-15
4170   1.8406e-15   6.88124e-15
4200   1.93514e-15  6.50382e-15
4230   1.98742e-15  5.96012e-15
4260   2.07218e-15  5.29493e-15
4290   2.27865e-15  4.92532e-15
4320   2.47209e-15  4.83698e-15
4350   2.35715e-15  4.84258e-15
4380   1.89299e-15  4.75905e-15
4410   1.40917e-15  4.76212e-15
4440   1.24773e-15  5.13399e-15
4470   1.46068e-15  5.23039e-15
4500   1.92549e-15  5.28085e-15
4530   2.60888e-15  5.41577e-15
4560   3.48752e-15  5.49917e-15
4590   4.35303e-15  5.48558e-15
4620   4.86339e-15  5.34486e-15
4650   4.81931e-15  5.0468e-15
4680   4.25346e-15  4.66469e-15
4710   3.34972e-15  4.38352e-15
4740   2.45394e-15  4.30604e-15
4770   1.97588e-15  4.32328e-15
4800   1.96015e-15  4.25694e-15
4830   2.0049e-15   3.98422e-15
4860   1.91939e-15  3.66753e-15
4890   2.08018e-15  3.59185e-15
4920   2.7008e-15   3.68254e-15
4950   3.19784e-15  3.72297e-15
4980   2.92551e-15  3.64605e-15
5010   2.14494e-15  3.61772e-15
5040   1.64981e-15  3.78748e-15
5070   1.71642e-15  4.05846e-15
5100   1.94258e-15  4.28259e-15
5130   2.00037e-15  4.38886e-15
5160   2.02652e-15  4.39765e-15
5190   2.25452e-15  4.29389e-15
5220   2.63855e-15  4.07335e-15
5250   2.99031e-15  3.79559e-15
5280   3.2816e-15   3.57425e-15
5310   3.59621e-15  3.45547e-15
5340   3.31008e-15  1.10916e-14
5370   3.30015e-15  1.07915e-14
5400   3.05022e-15  1.03786e-14
5430   2.88192e-15  9.8843e-15
5460   3.04858e-15  9.5782e-15
5490   3.36555e-15  9.58084e-15
5520   3.44124e-15  9.88643e-15
5550   3.13983e-15  1.02794e-14
5580   2.64224e-15  1.03914e-14
5610   2.08764e-15  1.03621e-14
5640   1.59781e-15  9.9302e-15
5670   1.25199e-15  9.37866e-15
5700   1.21574e-15  9.03631e-15
5730   1.63025e-15  9.05015e-15
5760   2.43414e-15  9.41353e-15
5790   3.27873e-15  1.00928e-14
5820   3.76655e-15  1.07987e-14
5850   3.77637e-15  1.11955e-14
5880   3.52118e-15  1.11407e-14
5910   3.22548e-15  1.06973e-14
5940   2.88538e-15  1.01114e-14
5970   2.45058e-15  9.715e-15
6000   2.0548e-15   9.52353e-15
6030   1.87086e-15  8.97864e-15
6060   1.8603e-15   7.62989e-15
6090   1.87094e-15  5.9495e-15
6120   1.90582e-15  4.78723e-15
6150   2.12569e-15  4.15026e-15
6180   2.50348e-15  3.62129e-15
6210   2.64854e-15  3.47521e-15
6240   2.35456e-15  3.69197e-15
6270   1.94701e-15  2.56157e-15
6300   1.62307e-15  2.56766e-15
6330   1.65922e-15  2.55574e-15
6360   1.95499e-15  2.53399e-15
6390   2.34411e-15  2.49887e-15
6420   2.74619e-15  2.46066e-15
6450   3.09928e-15  2.44101e-15
6480   3.27771e-15  2.43396e-15
6510   3.17209e-15  2.41723e-15
6540   2.81019e-15  2.38964e-15
6570   2.33226e-15  2.35942e-15
6600   1.86536e-15  2.33461e-15
6630   1.46928e-15  2.31925e-15
6660   1.16294e-15  2.30317e-15
6690   9.50252e-16  2.27664e-15
6720   8.24852e-16  2.23484e-15
6750   7.68131e-16  2.16479e-15
6780   7.57261e-16  2.06975e-15
6810   7.8189e-16   1.98331e-15
6840   8.43084e-16  1.93881e-15
6870   9.30676e-16  1.91323e-15
6900   1.01032e-15  1.86183e-15
6930   1.04635e-15  1.79048e-15
6960   1.04211e-15  1.74124e-15
6990   1.02971e-15  1.72627e-15
7020   1.05462e-15  1.71786e-15
7050   1.13873e-15  1.7097e-15
7080   1.26406e-15  1.70354e-15
7110   1.38296e-15  1.68887e-15
7140   1.47664e-15  1.65194e-15
7170   1.58732e-15  1.60906e-15
7200   1.74149e-15  1.60296e-15
7230   1.86674e-15  1.62919e-15
7260   1.85875e-15  1.63333e-15
7290   1.72734e-15  1.58648e-15
7320   1.60307e-15  1.52741e-15
7350   1.59402e-15  1.49789e-15
7380   1.69252e-15  1.48004e-15
7410   1.81546e-15  1.40393e-15
7440   1.87297e-15  1.36771e-15
7470   1.79823e-15  1.33001e-15
7500   1.59531e-15  1.30206e-15
7530   1.37387e-15  1.29829e-15
7560   1.27369e-15  1.34041e-15
7590   1.34591e-15  1.40879e-15
7620   1.53134e-15  1.40822e-15
7650   1.71138e-15  1.3743e-15
7680   1.80146e-15  1.35036e-15
7710   1.78579e-15  1.35778e-15
7740   1.69168e-15  1.37033e-15
7770   1.54385e-15  1.3624e-15
7800   1.35004e-15  1.33444e-15
7830   1.13183e-15  1.29858e-15
7860   9.37589e-16  1.25417e-15
7890   8.05199e-16  1.20124e-15
7920   7.34646e-16  1.14893e-15
7950   7.06768e-16  1.10665e-15
7980   7.03719e-16  1.09558e-15
8010   7.04914e-16  1.1305e-15
8040   6.93964e-16  1.16497e-15
8070   6.74999e-16  1.1852e-15
8100   6.52248e-16  1.20222e-15
8130   5.93718e-16  1.18414e-15
8160   4.61343e-16  1.1235e-15
8190   2.90488e-16  1.06245e-15
8220   1.80809e-16  1.0532e-15
8250   1.98795e-16  1.10434e-15
8280   3.00322e-16  1.12881e-15
8310   3.80813e-16  1.13628e-15
8340   3.83369e-16  1.12661e-15
8370   3.57073e-16  1.16752e-15
8400   4.14837e-16  1.23268e-15
8430   6.02359e-16  1.29407e-15
8460   8.34611e-16  1.34298e-15
8490   9.82806e-16  1.39358e-15
8520   1.01136e-15  1.40202e-15
8550   9.82723e-16  1.41797e-15
8580   9.74718e-16  1.42865e-15
8610   1.00269e-15  1.44749e-15
8640   1.03552e-15  1.46357e-15
8670   1.05598e-15  1.4713e-15
8700   1.06935e-15  1.45623e-15
8730   1.24525e-15  2.09051e-15
8760   1.3453e-15   2.02416e-15
8790   1.36097e-15  2.00795e-15
8820   1.223e-15    2.01608e-15
8850   1.14795e-15  1.94042e-15
8880   1.11057e-15  1.86963e-15
8910   1.10829e-15  1.82703e-15
8940   1.03417e-15  1.83865e-15
8970   1.04099e-15  1.75227e-15
9000   3.0682e-18   2.92433e-15