#-5.1280996372007195
3210  4.2599e-15   3.12604e-15
3240  5.6887e-15   4.24349e-15
3270  8.13451e-15  6.11608e-15
3300  1.01825e-14  7.61263e-15
3330  1.07108e-14  7.91169e-15
3360  1.02656e-14  7.51188e-15
3390  1.02324e-14  7.48207e-15
3420  1.10419e-14  8.07419e-15
3450  1.19073e-14  8.64199e-15
3480  1.14984e-14  7.42372e-15
3510  1.05338e-14  6.36606e-15
3540  8.75358e-15  5.21785e-15
3570  7.71883e-15  4.2716e-15
3600  9.18254e-15  4.88657e-15
3630  1.22203e-14  6.2642e-15
3660  1.39602e-14  7.58478e-15
3690  1.26926e-14  6.91502e-15
3720  9.45883e-15  5.21291e-15
3750  6.97727e-15  3.89263e-15
3780  6.64533e-15  2.61005e-15
3810  8.01939e-15  3.15854e-15
3840  1.0942e-14   4.25222e-15
3870  1.51661e-14  5.76368e-15
3900  1.8806e-14   7.08042e-15
3930  1.91949e-14  7.24109e-15
3960  1.64666e-14  6.25821e-15
3990  1.25895e-14  5.3881e-15
4020  1.30117e-14  5.49192e-15
4050  1.39704e-14  5.93968e-15
4080  1.32973e-14  5.72547e-15
4110  1.17663e-14  5.1018e-15
4140  1.12068e-14  4.8297e-15
4170  1.13899e-14  4.86822e-15
4200  1.09917e-14  4.68908e-15
4230  9.94994e-15  4.24939e-15
4260  9.08326e-15  3.87966e-15
4290  8.58116e-15  3.67363e-15
4320  8.144e-15    3.51372e-15
4350  7.90142e-15  3.42247e-15
4380  8.36174e-15  3.58507e-15
4410  9.67345e-15  4.08558e-15
4440  1.12679e-14  4.72882e-15
4470  1.22938e-14  5.16791e-15
4500  1.24303e-14  5.24948e-15
4530  1.20864e-14  5.13939e-15
4560  1.16836e-14  5.03342e-15
4590  1.11499e-14  4.87183e-15
4620  1.03928e-14  4.54696e-15
4650  9.72368e-15  4.18796e-15
4680  9.40042e-15  3.97902e-15
4710  9.29634e-15  3.91365e-15
4740  9.23799e-15  3.90608e-15
4770  9.04538e-15  3.86098e-15
4800  8.37329e-15  3.6099e-15
4830  7.26266e-15  3.15929e-15
4860  6.46318e-15  2.83694e-15
4890  6.50181e-15  2.86452e-15
4920  6.94338e-15  3.03803e-15
4950  7.11336e-15  3.08725e-15
4980  7.16484e-15  2.82937e-15
5010  7.22667e-15  2.81222e-15
5040  7.50974e-15  2.82462e-15
5070  7.77527e-15  2.80961e-15
5100  7.7976e-15   2.76567e-15
5130  8.49898e-15  3.43614e-15
5160  8.27251e-15  3.6605e-15
5190  8.06793e-15  3.58926e-15
5220  7.29398e-15  3.2445e-15
5250  6.28056e-15  2.82941e-15
5280  6.12187e-15  2.7298e-15
5310  6.375e-15    2.80421e-15
5340  6.77081e-15  2.91124e-15
5370  6.56807e-15  2.83314e-15
5400  5.84079e-15  2.6026e-15
5430  5.33679e-15  2.46063e-15
5460  5.59967e-15  2.56378e-15
5490  6.38346e-15  2.80093e-15
5520  7.04078e-15  2.94896e-15
5550  7.28257e-15  2.95424e-15
5580  7.30882e-15  2.92468e-15
5610  7.36667e-15  2.94307e-15
5640  7.44516e-15  2.96666e-15
5670  7.34379e-15  2.90326e-15
5700  6.92898e-15  2.72684e-15
5730  6.35732e-15  2.52241e-15
5760  5.43781e-15  2.28003e-15
5790  5.5054e-15   2.33922e-15
5820  5.80146e-15  2.47269e-15
5850  6.0677e-15   2.58082e-15
5880  6.1956e-15   2.62858e-15
5910  6.25483e-15  2.6426e-15
5940  6.31683e-15  2.64927e-15
5970  6.28874e-15  2.61817e-15
6000  5.93523e-15  2.46997e-15
6030  5.12378e-15  2.15519e-15
6060  4.04827e-15  1.73638e-15
6090  3.14589e-15  1.37501e-15
6120  2.72539e-15  1.28823e-15
6150  2.93529e-15  1.36648e-15
6180  3.54903e-15  1.62643e-15
6210  4.28798e-15  1.94301e-15
6240  4.87787e-15  2.19407e-15
6270  5.19578e-15  2.20638e-15
6300  5.19381e-15  2.20212e-15
6330  5.11529e-15  2.34154e-15
6360  5.18859e-15  2.37478e-15
6390  5.29745e-15  2.25316e-15
6420  5.20304e-15  2.21554e-15
6450  5.03564e-15  2.15066e-15
6480  4.92227e-15  2.10706e-15
6510  4.85819e-15  2.08087e-15
6540  4.76071e-15  2.03784e-15
6570  4.61116e-15  1.96992e-15
6600  4.46576e-15  1.90433e-15
6630  4.36242e-15  1.86257e-15
6660  4.26916e-15  1.82942e-15
6690  4.13656e-15  1.77628e-15
6720  3.93233e-15  1.75884e-15
6750  3.80221e-15  1.69991e-15
6780  3.72733e-15  1.6703e-15
6810  3.66969e-15  1.64704e-15
6840  3.58649e-15  1.60863e-15
6870  3.48463e-15  1.56371e-15
6900  3.39598e-15  1.53035e-15
6930  3.33214e-15  1.50932e-15
6960  3.28777e-15  1.49212e-15
6990  3.25926e-15  1.47821e-15
7020  3.23887e-15  1.47061e-15
7050  3.21232e-15  1.46485e-15
7080  3.17503e-15  1.45329e-15
7110  3.13512e-15  1.43671e-15
7140  3.09275e-15  1.42076e-15
7170  3.03375e-15  1.4017e-15
7200  2.95798e-15  1.37147e-15
7230  2.88907e-15  1.33574e-15
7260  2.83018e-15  1.30354e-15
7290  2.78797e-15  1.22464e-15
7320  2.65484e-15  1.22713e-15
7350  2.60556e-15  1.20419e-15
7380  2.67987e-15  1.15757e-15
7410  2.57627e-15  1.23713e-15
7440  2.39705e-15  1.15188e-15
7470  2.19058e-15  1.05202e-15
7500  2.1119e-15   1.01064e-15
7530  2.20985e-15  9.48753e-16
7560  2.28098e-15  9.9116e-16
7590  2.32292e-15  9.89986e-16
7620  2.3645e-15   9.69165e-16
7650  2.43448e-15  9.76514e-16
7680  2.5326e-15   1.01614e-15
7710  2.64028e-15  1.06239e-15
7740  2.73375e-15  1.09146e-15
7770  2.7805e-15   1.09566e-15
7800  2.76631e-15  1.07808e-15
7830  2.71698e-15  1.05129e-15
7860  2.67006e-15  1.03111e-15
7890  2.62792e-15  1.01719e-15
7920  2.5599e-15   9.91218e-16
7950  2.45886e-15  9.49537e-16
7980  2.36935e-15  9.15436e-16
8010  2.32243e-15  9.03008e-16
8040  2.26083e-15  8.85718e-16
8070  2.05443e-15  9.35659e-16
8100  1.80599e-15  8.21093e-16
8130  1.56741e-15  7.11012e-16
8160  1.39562e-15  6.3359e-16
8190  1.27485e-15  5.79839e-16
8220  1.20142e-15  5.46145e-16
8250  1.20377e-15  5.44614e-16
8280  1.2765e-15   6.08388e-16
8310  1.37585e-15  6.56831e-16
8340  1.48992e-15  7.11305e-16
8370  1.63456e-15  7.7878e-16
8400  1.79641e-15  8.55828e-16
8430  1.92996e-15  9.22683e-16
8460  2.0108e-15   9.65325e-16
8490  2.05096e-15  9.87497e-16
8520  2.06374e-15  9.96541e-16
8550  2.04887e-15  9.93259e-16
8580  2.01517e-15  9.8166e-16
8610  1.98637e-15  9.72676e-16
8640  1.97236e-15  9.70049e-16
8670  1.95442e-15  9.63783e-16
8700  1.91318e-15  9.45611e-16
8730  1.86016e-15  9.23087e-16
8760  1.8188e-15   9.07126e-16
8790  1.77276e-15  8.86888e-16
8820  1.66816e-15  8.34214e-16
8850  1.49366e-15  7.44523e-16
8880  1.32722e-15  6.57826e-16
8910  1.26007e-15  6.20326e-16
8940  1.28971e-15  6.32504e-16
8970  1.32997e-15  6.525e-16
9000  1.32088e-15  6.48735e-16