#10.878654455092285
3780  4.77371e-15  7.39072e-18
3810  6.94366e-15  5.59396e-17
3840  1.03803e-14  1.57436e-17
3870  1.31763e-14  1.93441e-17
3900  1.38628e-14  1.95138e-17
3930  1.24325e-14  1.79714e-17
3960  1.01231e-14  1.54728e-17
3990  8.03874e-15  1.52155e-16
4020  7.24369e-15  9.85423e-17
4050  7.48067e-15  1.74533e-17
4080  8.11449e-15  1.73392e-17
4110  8.68865e-15  1.6206e-17
4140  9.04181e-15  1.63247e-17
4170  9.38033e-15  1.6734e-17
4200  9.63675e-15  1.59111e-17
4230  9.22988e-15  1.39788e-17
4260  7.84498e-15  1.17487e-17
4290  5.96777e-15  1.57705e-16
4320  4.61209e-15  1.49374e-16
4350  4.1232e-15   1.37361e-16
4380  4.47973e-15  1.25538e-16
4410  5.62255e-15  1.33147e-16
4440  7.61267e-15  1.68898e-17
4470  1.01515e-14  1.9183e-17
4500  1.26103e-14  2.09259e-17
4530  1.41659e-14  2.14554e-17
4560  1.42167e-14  2.04045e-17
4590  1.27055e-14  1.81916e-17
4620  1.02151e-14  1.51782e-17
4650  7.65792e-15  1.13615e-17
4680  5.62252e-15  7.2332e-17
4710  4.44952e-15  6.19506e-17
4740  3.9207e-15   6.08425e-17
4770  3.91957e-15  6.71154e-17
4800  4.35726e-15  6.98282e-17
4830  4.93636e-15  6.19232e-17
4860  5.24878e-15  8.03708e-18
4890  5.01513e-15  7.9546e-18
4920  4.49298e-15  6.96447e-17
4950  4.21757e-15  7.86137e-17
4980  4.20317e-15  8.57459e-17
5010  4.29042e-15  9.48954e-17
5040  4.50353e-15  9.91282e-17
5070  5.16972e-15  1.01384e-16
5100  6.55754e-15  1.23512e-16
5130  8.67007e-15  1.59312e-17
5160  1.05526e-14  1.7971e-17
5190  1.16482e-14  1.83348e-17
5220  1.18154e-14  1.7583e-17
5250  1.15097e-14  1.70214e-17
5280  1.1223e-14   1.69732e-17
5310  1.06929e-14  2.21008e-16
5340  1.02252e-14  2.27147e-16
5370  9.51317e-15  2.05408e-16
5400  8.843e-15    1.75878e-16
5430  8.45962e-15  1.4931e-16
5460  8.28053e-15  1.30165e-16
5490  8.15522e-15  6.60494e-17
5520  7.84503e-15  5.44019e-17
5550  7.47745e-15  5.26773e-17
5580  7.11805e-15  1.44781e-17
5610  6.65104e-15  1.39673e-17
5640  6.23047e-15  1.33808e-17
5670  5.87016e-15  7.02031e-17
5700  5.78418e-15  7.14666e-17
5730  5.98396e-15  1.16362e-17
5760  6.29559e-15  1.0803e-17
5790  6.73607e-15  1.08762e-17
5820  7.02257e-15  1.16594e-16
5850  7.31468e-15  1.19846e-16
5880  7.44218e-15  1.16719e-16
5910  7.32605e-15  1.1553e-17
5940  6.30772e-15  1.06415e-16
5970  4.87229e-15  8.36689e-17
6000  3.37963e-15  4.36661e-17
6030  2.33196e-15  7.47173e-18
6060  1.91257e-15  1.75252e-17
6090  2.14633e-15  4.00138e-17
6120  2.89053e-15  5.32791e-17
6150  3.81661e-15  5.76334e-17
6180  4.57195e-15  7.24199e-17
6210  5.04254e-15  8.50744e-17
6240  5.32156e-15  8.68824e-17
6270  5.48188e-15  8.19441e-17
6300  5.51393e-15  7.56412e-17
6330  5.43806e-15  7.59289e-17
6360  5.34116e-15  7.53629e-17
6390  5.31784e-15  4.93909e-17
6420  5.23895e-15  6.86514e-17
6450  5.13194e-15  7.29647e-17
6480  4.98468e-15  6.60686e-17
6510  4.7932e-15   5.26536e-17
6540  4.53449e-15  3.57201e-17
6570  4.24672e-15  7.18408e-18
6600  3.92338e-15  6.39546e-18
6630  3.64241e-15  6.29672e-18
6660  3.36854e-15  2.01214e-17
6690  3.13135e-15  5.52474e-18
6720  2.88934e-15  7.98768e-18
6750  2.71297e-15  1.78149e-17
6780  2.61686e-15  4.62366e-18
6810  2.59209e-15  4.71568e-18
6840  2.51897e-15  2.39258e-17
6870  2.41663e-15  2.57807e-17
6900  2.30323e-15  2.08302e-17
6930  2.21481e-15  1.42797e-17
6960  2.15199e-15  1.41587e-17
6990  2.09253e-15  1.80569e-17
7020  2.0309e-15   1.71026e-17
7050  1.97381e-15  1.17301e-17
7080  1.92205e-15  1.2468e-17
7110  1.8768e-15   2.16237e-17
7140  1.84059e-15  2.94629e-17
7170  1.84751e-15  3.7647e-18
7200  1.80907e-15  2.6968e-17
7230  1.80418e-15  2.42425e-17
7260  1.78485e-15  2.19871e-17
7290  1.74022e-15  1.74661e-17
7320  1.67615e-15  8.51374e-18
7350  1.60858e-15  2.74104e-18
7380  1.55164e-15  4.42339e-18
7410  1.50273e-15  1.07411e-17
7440  1.46152e-15  2.87588e-18
7470  1.42964e-15  5.83095e-18
7500  1.453e-15    2.99004e-18
7530  1.48213e-15  4.03579e-17
7560  1.49592e-15  4.2813e-17
7590  1.45149e-15  2.76065e-18
7620  1.34213e-15  2.92789e-18
7650  1.32949e-15  1.77863e-17
7680  1.34649e-15  2.89976e-18
7710  1.36225e-15  3.15001e-18
7740  1.35386e-15  2.81187e-18
7770  1.36636e-15  3.2234e-18
7800  1.42062e-15  8.29128e-18
7830  1.47136e-15  3.11863e-18
7860  1.51499e-15  2.88056e-18
7890  1.53315e-15  2.97708e-18
7920  1.4762e-15   2.89799e-18
7950  1.29215e-15  1.1003e-17
7980  1.03846e-15  1.30026e-17
8010  7.9716e-16   1.59995e-17
8040  6.29334e-16  1.56381e-17
8070  5.31692e-16  1.5503e-18
8100  4.43983e-16  1.35585e-18
8130  3.8353e-16   1.26499e-18
8160  3.7114e-16   1.20403e-18
8190  3.94408e-16  1.21383e-18
8220  4.29345e-16  8.20462e-18
8250  4.72935e-16  1.26555e-17
8280  5.67369e-16  6.71733e-18
8310  7.42299e-16  1.67106e-18
8340  9.61131e-16  1.95226e-18
8370  1.17068e-15  2.01352e-18
8400  1.36178e-15  2.4861e-18
8430  1.51328e-15  2.08346e-17
8460  1.63837e-15  2.74271e-17
8490  1.73638e-15  2.7496e-17
8520  1.81572e-15  3.33241e-17
8550  1.88249e-15  4.00436e-17
8580  1.94173e-15  3.20993e-17
8610  2.00155e-15  1.22466e-17
8640  2.0567e-15   3.23182e-18
8670  2.07999e-15  2.05475e-17
8700  2.05327e-15  4.35322e-17
8730  2.00419e-15  5.42514e-17
8760  1.94135e-15  4.43794e-17
8790  1.90068e-15  3.34467e-18
8820  1.80524e-15  3.01186e-18
8850  1.71193e-15  3.01478e-18
8880  1.5881e-15   6.21775e-17
8910  1.49019e-15  1.00217e-16
8940  1.39016e-15  9.12215e-17
8970  1.28492e-15  5.95817e-17
9000  1.19033e-15  4.42243e-17