#-9.386314753091447
4200  5.82333e-14  1.25305e-14
4230  5.30575e-14  1.27487e-14
4260  4.9111e-14   1.27288e-14
4290  4.95785e-14  1.34673e-14
4320  5.32808e-14  1.45147e-14
4350  5.50076e-14  1.42626e-14
4380  5.25903e-14  1.30328e-14
4410  5.02073e-14  1.31719e-14
4440  5.1628e-14   1.48263e-14
4470  5.50428e-14  1.57909e-14
4500  5.68368e-14  1.5319e-14
4530  5.6985e-14   1.49048e-14
4560  5.72823e-14  1.50281e-14
4590  5.73727e-14  1.45068e-14
4620  5.56668e-14  1.30414e-14
4650  5.23171e-14  1.18881e-14
4680  4.92203e-14  1.16675e-14
4710  4.80027e-14  1.19873e-14
4740  4.85758e-14  1.21806e-14
4770  4.90643e-14  1.1702e-14
4800  4.72216e-14  1.05269e-14
4830  4.29335e-14  9.35423e-15
4860  3.86736e-14  9.03029e-15
4890  3.66094e-14  9.42754e-15
4920  3.65056e-14  9.55268e-15
4950  3.70003e-14  9.30813e-15
4980  3.75826e-14  9.64863e-15
5010  3.86155e-14  1.07294e-14
5040  4.01161e-14  1.15391e-14
5070  4.13639e-14  1.14274e-14
5100  4.19375e-14  1.10847e-14
5130  4.23599e-14  1.11102e-14
5160  4.29563e-14  1.09554e-14
5190  4.27394e-14  9.89903e-15
5220  4.06796e-14  8.50725e-15
5250  3.7682e-14   7.81946e-15
5280  3.59481e-14  7.89853e-15
5310  3.61296e-14  8.1881e-15
5340  3.64662e-14  8.08856e-15
5370  3.53817e-14  7.61894e-15
5400  3.37793e-14  7.07433e-15
5430  3.37409e-14  6.51263e-15
5460  3.55515e-14  5.88746e-15
5490  3.70993e-14  5.28636e-15
5520  3.68073e-14  4.96811e-15
5550  3.54181e-14  5.20622e-15
5580  3.48077e-14  5.6975e-15
5610  3.5763e-14   5.75597e-15
5640  3.706e-14    5.25785e-15
5670  3.71897e-14  4.62943e-15
5700  3.62796e-14  4.32904e-15
5730  3.56599e-14  4.39304e-15
5760  3.57353e-14  2.86662e-15
5790  3.5909e-14   2.64881e-15
5820  3.5879e-14   2.50676e-15
5850  3.57538e-14  2.32246e-15
5880  3.54165e-14  7.49292e-15
5910  3.5021e-14   7.1827e-15
5940  3.45807e-14  6.96131e-15
5970  3.38566e-14  6.8594e-15
6000  3.27429e-14  6.86858e-15
6030  3.10465e-14  6.75493e-15
6060  2.86678e-14  6.01286e-15
6090  2.87066e-14  2.28312e-15
6120  2.80627e-14  1.24285e-15
6150  2.94302e-14  1.1771e-16
6180  3.1363e-14   1.1195e-16
6210  3.00425e-14  6.62212e-15
6240  3.09036e-14  7.40412e-15
6270  3.12896e-14  7.59124e-15
6300  3.14799e-14  7.56282e-15
6330  3.15547e-14  7.58865e-15
6360  3.14292e-14  7.69795e-15
6390  3.09717e-14  7.79189e-15
6420  3.0155e-14   7.80138e-15
6450  2.91982e-14  7.79015e-15
6480  2.84777e-14  7.85705e-15
6510  2.81379e-14  7.95332e-15
6540  2.7882e-14   7.99081e-15
6570  2.74064e-14  7.98503e-15
6600  3.0344e-14   1.15192e-16
6630  3.00935e-14  1.13025e-16
6660  2.98863e-14  1.09805e-16
6690  2.96933e-14  1.07112e-16
6720  2.95226e-14  1.06439e-16
6750  2.92349e-14  1.06484e-16
6780  2.87916e-14  1.05531e-16
6810  2.858e-14    1.05614e-16
6840  2.88664e-14  1.06913e-16
6870  2.90924e-14  1.04032e-16
6900  2.8531e-14   1.01651e-16
6930  2.74549e-14  9.87384e-17
6960  2.67675e-14  9.56854e-17
6990  2.67139e-14  9.44026e-17
7020  2.67805e-14  9.38952e-17
7050  2.66385e-14  9.2906e-17
7080  2.64273e-14  9.04231e-17
7110  2.61824e-14  8.73413e-17
7140  2.56526e-14  8.35356e-17
7170  2.48292e-14  7.9728e-17
7200  2.414e-14    7.69736e-17
7230  2.38541e-14  7.50823e-17
7260  2.36857e-14  7.30786e-17
7290  2.32585e-14  7.05806e-17
7320  2.26753e-14  6.77511e-17
7350  2.23208e-14  6.54253e-17
7380  2.22233e-14  3.55265e-16
7410  2.19851e-14  1.11184e-15
7440  2.11852e-14  1.49903e-15
7470  2.02301e-14  1.77454e-15
7500  1.97063e-14  1.9765e-15
7530  1.96064e-14  2.10027e-15
7560  1.9462e-14   2.1752e-15
7590  1.90887e-14  2.24345e-15
7620  1.87747e-14  2.26359e-15
7650  1.88167e-14  2.16538e-15
7680  1.919e-14    2.02017e-15
7710  1.95715e-14  1.95707e-15
7740  1.96004e-14  1.94584e-15
7770  1.92017e-14  1.84068e-15
7800  1.85713e-14  1.58927e-15
7830  1.77796e-14  1.31197e-15
7860  1.66421e-14  1.07661e-15
7890  1.51959e-14  7.5888e-16
7920  1.39744e-14  3.99584e-16
7950  1.34575e-14  6.54281e-16
7980  1.35108e-14  1.18531e-15
8010  1.3818e-14   1.51607e-15
8040  1.43259e-14  1.60549e-15
8070  1.49309e-14  1.73776e-15
8100  1.52752e-14  2.06826e-15
8130  1.51089e-14  2.37083e-15
8160  1.46405e-14  2.39413e-15
8190  1.42993e-14  2.22538e-15
8220  1.42845e-14  2.10256e-15
8250  1.44417e-14  2.0837e-15
8280  1.44953e-14  2.09443e-15
8310  1.4465e-14   2.10263e-15
8340  1.46558e-14  2.14642e-15
8370  1.51801e-14  2.24451e-15
8400  1.57308e-14  2.3461e-15
8430  1.59213e-14  2.36527e-15
8460  1.5695e-14   2.31003e-15
8490  1.53109e-14  2.24893e-15
8520  1.4969e-14   2.15813e-15
8550  1.46882e-14  2.07668e-15
8580  1.4458e-14   2.09187e-15
8610  1.43386e-14  2.18486e-15
8640  1.43512e-14  2.28428e-15
8670  1.43527e-14  2.38929e-15
8700  1.41774e-14  2.50708e-15
8730  1.38865e-14  2.57847e-15
8760  1.36643e-14  2.57026e-15
8790  1.34973e-14  2.55382e-15
8820  1.325e-14    2.56632e-15
8850  1.29284e-14  2.52995e-15
8880  1.2602e-14   2.44454e-15
8910  1.22078e-14  2.44234e-15
8940  1.17126e-14  2.54745e-15
8970  1.13397e-14  2.619e-15
9000  1.13298e-14  2.5455e-15