#-8.056494927390634
3390  8.87837e-14  2.84882e-14
3420  9.20542e-14  2.81293e-14
3450  9.02882e-14  2.77317e-14
3480  8.31637e-14  2.81087e-14
3510  7.40789e-14  2.98192e-14
3540  6.18205e-14  3.09717e-14
3570  4.35634e-14  2.84609e-14
3600  2.68214e-14  2.22284e-14
3630  1.89902e-14  1.49894e-14
3660  2.32028e-14  1.0459e-14
3690  3.64528e-14  9.57186e-15
3720  5.49212e-14  1.1638e-14
3750  7.00159e-14  1.40394e-14
3780  7.73664e-14  1.48974e-14
3810  7.96488e-14  1.58958e-14
3840  8.3572e-14   1.85728e-14
3870  9.14307e-14  2.13383e-14
3900  9.77734e-14  2.14208e-14
3930  9.72548e-14  1.89316e-14
3960  9.36559e-14  1.67583e-14
3990  9.48177e-14  1.71789e-14
4020  1.00182e-13  1.89689e-14
4050  1.01076e-13  1.88829e-14
4080  9.33429e-14  1.59121e-14
4110  8.16509e-14  1.21822e-14
4140  7.07869e-14  1.00147e-14
4170  6.0798e-14   9.14046e-15
4200  5.13957e-14  8.04459e-15
4230  4.69572e-14  6.62494e-15
4260  5.23408e-14  5.79101e-15
4290  6.38245e-14  5.94709e-15
4320  7.00347e-14  6.32219e-15
4350  6.56147e-14  6.36028e-15
4380  5.91825e-14  6.65421e-15
4410  6.04899e-14  7.08965e-15
4440  6.68098e-14  6.99982e-15
4470  7.00806e-14  6.48322e-15
4500  6.91582e-14  5.75099e-15
4530  6.76561e-14  4.99882e-15
4560  6.50879e-14  4.53784e-15
4590  5.95518e-14  4.35554e-15
4620  5.34881e-14  4.15269e-15
4650  5.10208e-14  3.70453e-15
4680  5.18579e-14  3.17157e-15
4710  5.2326e-14   2.82967e-15
4740  5.07179e-14  2.61532e-15
4770  4.74996e-14  2.35984e-15
4800  4.33436e-14  2.08516e-15
4830  3.95904e-14  1.94071e-15
4860  3.80199e-14  1.92447e-15
4890  3.87918e-14  1.88093e-15
4920  4.0228e-14   1.82066e-15
4950  4.13192e-14  1.65549e-15
4980  4.26474e-14  1.43155e-15
5010  4.46931e-14  1.3482e-15
5040  4.67627e-14  1.57264e-15
5070  4.78892e-14  1.88728e-15
5100  4.82169e-14  1.89803e-15
5130  4.84081e-14  1.85542e-15
5160  4.72101e-14  1.91819e-15
5190  4.31341e-14  2.01934e-15
5220  3.79454e-14  1.86414e-15
5250  3.563e-14    1.59442e-15
5280  3.73447e-14  1.62063e-15
5310  3.97348e-14  1.70357e-15
5340  3.94135e-14  1.79064e-15
5370  3.6906e-14   1.77634e-15
5400  3.53602e-14  1.58644e-15
5430  3.64595e-14  1.51731e-15
5460  3.84492e-14  1.55599e-15
5490  3.90798e-14  1.60997e-15
5520  3.87762e-14  2.00095e-15
5550  3.88785e-14  2.37616e-15
5580  3.94853e-14  2.24171e-15
5610  3.98467e-14  1.83651e-15
5640  3.93345e-14  1.50845e-15
5670  3.80738e-14  1.5105e-15
5700  3.66228e-14  1.63547e-15
5730  3.55603e-14  1.61469e-15
5760  3.5437e-14   1.55566e-15
5790  3.58978e-14  1.55546e-15
5820  3.56662e-14  1.54904e-15
5850  3.39307e-14  1.53201e-15
5880  3.13861e-14  1.60565e-15
5910  2.94277e-14  1.71188e-15
5940  2.86995e-14  1.7403e-15
5970  2.8637e-14   1.64738e-15
6000  2.80039e-14  1.53432e-15
6030  2.59588e-14  1.40628e-15
6060  2.31897e-14  1.10666e-15
6090  2.16889e-14  6.72464e-16
6120  2.28405e-14  5.49174e-16
6150  2.58192e-14  7.29046e-16
6180  2.88327e-14  9.11399e-16
6210  3.08365e-14  1.01993e-15
6240  3.17443e-14  1.06304e-15
6270  3.19009e-14  1.1446e-15
6300  3.1601e-14   1.23871e-15
6330  3.09222e-14  1.26232e-15
6360  2.97868e-14  1.21689e-15
6390  2.82362e-14  1.16889e-15
6420  2.66304e-14  1.14228e-15
6450  2.5401e-14   1.10302e-15
6480  2.46045e-14  1.04029e-15
6510  2.39516e-14  9.85943e-16
6540  2.32824e-14  9.47284e-16
6570  2.27231e-14  9.01785e-16
6600  2.23324e-14  8.52043e-16
6630  2.192e-14    8.08672e-16
6660  2.13386e-14  7.5869e-16
6690  2.07296e-14  7.00595e-16
6720  2.03075e-14  6.39703e-16
6750  2.00466e-14  5.76252e-16
6780  1.97337e-14  5.29651e-16
6810  1.929e-14    4.98608e-16
6840  1.88996e-14  5.34647e-16
6870  1.87103e-14  5.90183e-16
6900  1.86602e-14  6.18803e-16
6930  1.85813e-14  6.14756e-16
6960  1.84104e-14  5.9037e-16
6990  1.82172e-14  5.95789e-16
7020  1.80581e-14  6.2342e-16
7050  1.79063e-14  6.17781e-16
7080  1.76833e-14  5.74006e-16
7110  1.73225e-14  5.34795e-16
7140  1.6861e-14   5.1356e-16
7170  1.64953e-14  5.24558e-16
7200  1.63029e-14  5.2157e-16
7230  1.59665e-14  3.71372e-16
7260  1.56184e-14  3.52484e-16
7290  1.52012e-14  3.44148e-16
7320  1.49713e-14  3.45721e-16
7350  1.48994e-14  3.54103e-16
7380  1.46856e-14  3.51505e-16
7410  1.42414e-14  3.43498e-16
7440  1.38413e-14  3.39764e-16
7470  1.37303e-14  3.54282e-16
7500  1.37884e-14  3.42457e-16
7530  1.37842e-14  3.38302e-16
7560  1.37497e-14  5.71143e-16
7590  1.35485e-14  6.25947e-16
7620  1.33885e-14  4.39903e-16
7650  1.322e-14    3.45196e-16
7680  1.2874e-14   3.92492e-16
7710  1.20195e-14  3.67934e-16
7740  1.07197e-14  3.43378e-16
7770  9.40763e-15  3.63476e-16
7800  8.47323e-15  3.46464e-16
7830  8.13102e-15  3.42212e-16
7860  8.12786e-15  3.67038e-16
7890  8.15792e-15  4.08923e-16
7920  8.23529e-15  4.16783e-16
7950  8.59978e-15  3.81116e-16
7980  9.3356e-15   3.52494e-16
8010  1.02011e-14  3.82152e-16
8040  1.09132e-14  4.50613e-16
8070  1.1371e-14   5.07941e-16
8100  1.15674e-14  5.09757e-16
8130  1.14716e-14  4.32379e-16
8160  1.11236e-14  3.34974e-16
8190  1.08027e-14  3.02039e-16
8220  1.07e-14     3.55704e-16
8250  1.06486e-14  4.10112e-16
8280  1.05029e-14  3.87748e-16
8310  1.02983e-14  3.41908e-16
8340  1.02101e-14  3.97175e-16
8370  1.0192e-14   5.56131e-16
8400  1.0109e-14   6.95075e-16
8430  9.91683e-15  7.25923e-16
8460  9.66476e-15  7.03695e-16
8490  9.43567e-15  7.14627e-16
8520  9.28006e-15  7.73234e-16
8550  9.19936e-15  8.3042e-16
8580  9.1462e-15   8.58237e-16
8610  9.06031e-15  8.74374e-16
8640  8.94891e-15  8.98734e-16
8670  8.87458e-15  9.29242e-16
8700  8.83123e-15  9.49692e-16
8730  8.70832e-15  9.50806e-16
8760  8.4584e-15   9.39686e-16
8790  8.21005e-15  9.3147e-16
8820  8.06333e-15  9.21666e-16
8850  7.85182e-15  8.83511e-16
8880  7.35502e-15  8.06882e-16
8910  6.69584e-15  7.28718e-16
8940  6.22116e-15  6.84109e-16
8970  6.04651e-15  6.69543e-16
9000  6.02009e-15  6.67271e-16