#15.81460115377109
3390  1.66008e-14  2.84406e-14
3420  1.60227e-14  2.80709e-14
3450  1.69282e-14  2.76642e-14
3480  2.06886e-14  2.80342e-14
3510  2.61031e-14  2.97289e-14
3540  2.90841e-14  3.08899e-14
3570  2.65095e-14  2.86236e-14
3600  2.71428e-14  2.24701e-14
3630  3.01002e-14  1.51403e-14
3660  3.19262e-14  1.05026e-14
3690  3.03677e-14  9.51228e-15
3720  2.60442e-14  1.15695e-14
3750  2.45776e-14  1.39557e-14
3780  2.63706e-14  1.48048e-14
3810  3.12805e-14  1.57923e-14
3840  3.93325e-14  1.84443e-14
3870  4.88426e-14  2.11814e-14
3900  5.5728e-14   2.12554e-14
3930  5.53391e-14  1.87786e-14
3960  4.73423e-14  1.66171e-14
3990  3.78694e-14  1.7029e-14
4020  3.30266e-14  1.88e-14
4050  3.23125e-14  1.87115e-14
4080  3.29178e-14  1.57617e-14
4110  3.55709e-14  1.20599e-14
4140  4.02083e-14  9.90935e-15
4170  4.23971e-14  9.04257e-15
4200  4.06605e-14  7.95762e-15
4230  3.96916e-14  6.5525e-15
4260  4.18801e-14  5.72719e-15
4290  4.18783e-14  5.88144e-15
4320  3.45443e-14  6.25168e-15
4350  2.36808e-14  6.28674e-15
4380  1.75453e-14  6.58098e-15
4410  1.92686e-14  7.01755e-15
4440  2.5867e-14   6.91604e-15
4470  3.50237e-14  6.404e-15
4500  4.73842e-14  5.67904e-15
4530  6.19208e-14  4.9336e-15
4560  7.256e-14    4.47584e-15
4590  7.20635e-14  4.29531e-15
4620  6.06541e-14  4.09599e-15
4650  4.67221e-14  3.65421e-15
4680  3.71385e-14  3.12796e-15
4710  3.23501e-14  2.79018e-15
4740  3.02438e-14  2.57833e-15
4770  2.92051e-14  2.32609e-15
4800  2.80009e-14  2.05517e-15
4830  2.77266e-14  1.91283e-15
4860  3.1239e-14   1.8968e-15
4890  3.6852e-14   1.8538e-15
4920  3.79743e-14  1.7944e-15
4950  3.22849e-14  1.63158e-15
4980  2.57286e-14  1.41118e-15
5010  2.40642e-14  1.33027e-15
5040  2.58594e-14  1.55183e-15
5070  2.70993e-14  1.86078e-15
5100  2.88315e-14  1.87091e-15
5130  3.5129e-14   1.82889e-15
5160  4.58069e-14  1.8909e-15
5190  5.56136e-14  1.99054e-15
5220  5.99041e-14  1.83747e-15
5250  5.88023e-14  1.57177e-15
5280  5.58705e-14  1.59753e-15
5310  5.41337e-14  1.67941e-15
5340  5.33487e-14  1.76526e-15
5370  5.12959e-14  1.75095e-15
5400  4.73259e-14  1.56388e-15
5430  4.3092e-14   1.49588e-15
5460  4.00098e-14  1.53422e-15
5490  3.76398e-14  1.58793e-15
5520  3.49225e-14  1.97239e-15
5550  3.13961e-14  2.34186e-15
5580  2.76821e-14  2.20934e-15
5610  2.46917e-14  1.8103e-15
5640  2.3087e-14   1.48782e-15
5670  2.2866e-14   1.48971e-15
5700  2.34872e-14  1.61227e-15
5730  2.49469e-14  1.59171e-15
5760  2.81574e-14  1.53368e-15
5790  3.30964e-14  1.53363e-15
5820  3.79857e-14  1.52757e-15
5850  4.11515e-14  1.51128e-15
5880  4.24472e-14  1.58399e-15
5910  4.19398e-14  1.6882e-15
5940  3.93093e-14  1.71568e-15
5970  3.56212e-14  1.62389e-15
6000  3.24567e-14  1.51232e-15
6030  2.86548e-14  1.38598e-15
6060  2.22737e-14  1.09069e-15
6090  1.60931e-14  6.6328e-16
6120  1.53263e-14  5.4245e-16
6150  1.99388e-14  7.19721e-16
6180  2.46171e-14  8.99485e-16
6210  2.66382e-14  1.00641e-15
6240  2.76664e-14  1.04882e-15
6270  2.88506e-14  1.12886e-15
6300  2.91548e-14  1.22129e-15
6330  2.81796e-14  1.24445e-15
6360  2.71039e-14  1.19972e-15
6390  2.67028e-14  1.15246e-15
6420  2.65267e-14  1.12625e-15
6450  2.61023e-14  1.08761e-15
6480  2.55756e-14  1.02587e-15
6510  2.50674e-14  9.72311e-16
6540  2.42714e-14  9.3417e-16
6570  2.28943e-14  8.89319e-16
6600  2.10448e-14  8.40281e-16
6630  1.90159e-14  7.97467e-16
6660  1.69782e-14  7.48139e-16
6690  1.50609e-14  6.90847e-16
6720  1.34954e-14  6.30876e-16
6750  1.24689e-14  5.68516e-16
6780  1.19246e-14  5.22827e-16
6810  1.16494e-14  4.92432e-16
6840  1.15338e-14  5.27589e-16
6870  1.14634e-14  5.81964e-16
6900  1.1358e-14   6.10055e-16
6930  1.11603e-14  6.06054e-16
6960  1.08674e-14  5.82039e-16
6990  1.06121e-14  5.87306e-16
7020  1.05324e-14  6.1446e-16
7050  1.05608e-14  6.08908e-16
7080  1.04481e-14  5.65854e-16
7110  1.00925e-14  5.27316e-16
7140  9.69476e-15  5.06473e-16
7170  9.5158e-15   5.17268e-16
7200  9.53303e-15  5.14348e-16
7230  9.26717e-15  3.74885e-16
7260  9.15952e-15  3.56787e-16
7290  8.8462e-15   3.49274e-16
7320  8.34572e-15  3.51377e-16
7350  7.80178e-15  3.59915e-16
7380  7.38784e-15  3.56791e-16
7410  7.16007e-15  3.47949e-16
7440  7.06112e-15  3.4412e-16
7470  7.02465e-15  3.59599e-16
7500  6.92403e-15  3.47834e-16
7530  6.66481e-15  3.41795e-16
7560  6.54715e-15  5.629e-16
7590  6.29812e-15  6.1693e-16
7620  6.2294e-15   4.3825e-16
7650  6.22617e-15  3.48196e-16
7680  6.20803e-15  3.96712e-16
7710  6.13863e-15  3.71102e-16
7740  6.19164e-15  3.44336e-16
7770  6.39636e-15  3.59364e-16
7800  6.50867e-15  3.42144e-16
7830  6.63956e-15  3.37685e-16
7860  6.83225e-15  3.61951e-16
7890  7.00771e-15  4.03063e-16
7920  7.00495e-15  4.10767e-16
7950  6.78056e-15  3.75622e-16
7980  6.42994e-15  3.47434e-16
8010  6.02693e-15  3.76634e-16
8040  5.56208e-15  4.44167e-16
8070  4.99548e-15  5.00802e-16
8100  4.26152e-15  5.02586e-16
8130  3.33673e-15  4.2616e-16
8160  2.51557e-15  3.30204e-16
8190  2.37846e-15  2.97783e-16
8220  3.04645e-15  3.50571e-16
8250  3.74565e-15  4.04222e-16
8280  3.79762e-15  3.82148e-16
8310  3.66417e-15  3.36994e-16
8340  4.31677e-15  3.91441e-16
8370  5.77826e-15  5.48232e-16
8400  7.17173e-15  6.85336e-16
8430  8.01453e-15  7.15759e-16
8460  8.59728e-15  6.93792e-16
8490  9.24076e-15  7.0458e-16
8520  9.89404e-15  7.62486e-16
8550  1.04384e-14  8.19036e-16
8580  1.09139e-14  8.46568e-16
8610  1.14043e-14  8.62555e-16
8640  1.19493e-14  8.86683e-16
8670  1.25582e-14  9.16862e-16
8700  1.31256e-14  9.37035e-16
8730  1.33789e-14  9.38086e-16
8760  1.31304e-14  9.27135e-16
8790  1.25514e-14  9.19143e-16
8820  1.19402e-14  9.09574e-16
8850  1.12437e-14  8.71929e-16
8880  1.01835e-14  7.96279e-16
8910  8.89225e-15  7.19203e-16
8940  7.92196e-15  6.75299e-16
8970  7.53088e-15  6.60991e-16
9000  7.46523e-15  6.58761e-16