#21.34933301806689
3210  7.06809e-16  1.38568e-16
3240  6.65145e-16  1.32321e-16
3270  6.33799e-16  1.24291e-16
3300  6.20929e-16  1.10723e-16
3330  6.47716e-16  1.01633e-16
3360  7.50236e-16  1.19099e-16
3390  8.94785e-16  1.49719e-16
3420  1.0068e-15   1.66935e-16
3450  1.08587e-15  1.67017e-16
3480  1.28e-15     2.02656e-16
3510  1.62386e-15  2.88452e-16
3540  1.90116e-15  3.62362e-16
3570  1.92181e-15  3.64966e-16
3600  1.88251e-15  3.37269e-16
3630  2.17945e-15  3.76396e-16
3660  2.75221e-15  4.57803e-16
3690  2.28984e-15  1.33331e-15
3720  2.00333e-15  1.30458e-15
3750  1.44011e-15  1.3135e-15
3780  1.10933e-15  1.39674e-15
3810  1.33323e-15  1.56592e-15
3840  1.98878e-15  1.85127e-15
3870  2.72427e-15  2.19947e-15
3900  3.293e-15    2.4564e-15
3930  3.53706e-15  2.50805e-15
3960  3.39053e-15  2.37739e-15
3990  2.95859e-15  2.26117e-15
4020  2.53307e-15  2.27194e-15
4050  2.27243e-15  2.31635e-15
4080  2.14542e-15  2.27923e-15
4110  2.12723e-15  2.18096e-15
4140  2.21275e-15  2.07622e-15
4170  2.3062e-15   1.94601e-15
4200  2.31743e-15  1.73166e-15
4230  2.35783e-15  1.47786e-15
4260  2.54238e-15  1.33815e-15
4290  2.66697e-15  1.41059e-15
4320  2.48422e-15  1.55856e-15
4350  1.96456e-15  1.59579e-15
4380  1.54456e-15  1.56362e-15
4410  1.42326e-15  1.54573e-15
4440  1.54913e-15  1.62549e-15
4470  1.81579e-15  1.778e-15
4500  2.29025e-15  1.8994e-15
4530  3.17311e-15  1.95425e-15
4560  4.33825e-15  2.01526e-15
4590  5.25959e-15  2.04144e-15
4620  5.31134e-15  1.94404e-15
4650  4.38265e-15  1.73564e-15
4680  3.08715e-15  1.53033e-15
4710  2.22871e-15  1.40509e-15
4740  2.07764e-15  1.33586e-15
4770  2.20424e-15  1.30425e-15
4800  2.1852e-15   1.24113e-15
4830  2.13005e-15  1.1524e-15
4860  2.4295e-15   1.11732e-15
4890  3.02197e-15  1.12999e-15
4920  3.34092e-15  1.1191e-15
4950  2.98671e-15  1.07811e-15
4980  2.39687e-15  1.04604e-15
5010  2.03847e-15  1.1151e-15
5040  1.96292e-15  1.24505e-15
5070  1.89857e-15  1.34587e-15
5100  1.79009e-15  1.40321e-15
5130  1.85127e-15  1.45438e-15
5160  2.23811e-15  1.49899e-15
5190  2.86802e-15  1.4967e-15
5220  3.58499e-15  1.41974e-15
5250  4.18425e-15  1.33038e-15
5280  4.45746e-15  1.29869e-15
5310  4.38104e-15  1.32736e-15
5340  4.20415e-15  1.3619e-15
5370  4.18609e-15  1.3371e-15
5400  4.30565e-15  1.26087e-15
5430  4.34739e-15  1.20966e-15
5460  4.19279e-15  1.2262e-15
5490  3.9043e-15   1.27093e-15
5520  3.58268e-15  1.27795e-15
5550  3.25874e-15  1.24425e-15
5580  2.9221e-15   1.20926e-15
5610  2.57764e-15  1.18379e-15
5640  2.26719e-15  1.14621e-15
5670  2.02843e-15  1.10166e-15
5700  1.92244e-15  1.06507e-15
5730  2.01219e-15  1.05631e-15
5760  2.33473e-15  1.09317e-15
5790  2.86265e-15  1.15316e-15
5820  3.38627e-15  1.20283e-15
5850  3.62282e-15  1.21375e-15
5880  3.46919e-15  1.19165e-15
5910  3.07163e-15  1.16493e-15
5940  2.65332e-15  1.13615e-15
5970  2.34286e-15  1.08662e-15
6000  2.16708e-15  1.0373e-15
6030  2.13067e-15  9.68456e-16
6060  2.09269e-15  8.40639e-16
6090  1.88583e-15  6.88039e-16
6120  1.61072e-15  6.1113e-16
6150  1.53276e-15  6.54204e-16
6180  1.65423e-15  7.67362e-16
6210  1.7817e-15   8.55138e-16
6240  1.84313e-15  8.93264e-16
6270  1.97962e-15  9.04475e-16
6300  2.22873e-15  9.16053e-16
6330  2.47903e-15  9.24969e-16
6360  2.6323e-15   9.19785e-16
6390  2.69817e-15  9.06303e-16
6420  2.73165e-15  9.00384e-16
6450  2.77582e-15  9.00466e-16
6480  2.81117e-15  8.98405e-16
6510  2.80493e-15  8.81722e-16
6540  2.71308e-15  8.48216e-16
6570  2.51334e-15  8.03482e-16
6600  2.24182e-15  7.54612e-16
6630  1.96783e-15  7.06288e-16
6660  1.74232e-15  6.57556e-16
6690  1.56588e-15  6.13004e-16
6720  1.426e-15    5.8171e-16
6750  1.31711e-15  5.66868e-16
6780  1.23559e-15  5.5994e-16
6810  1.18071e-15  5.4888e-16
6840  1.15193e-15  5.32897e-16
6870  1.13895e-15  5.21272e-16
6900  1.123e-15    5.18976e-16
6930  1.0937e-15   5.1975e-16
6960  1.05521e-15  5.13535e-16
6990  1.01429e-15  4.9925e-16
7020  9.78787e-16  4.87878e-16
7050  9.68544e-16  4.89196e-16
7080  1.00067e-15  4.98793e-16
7110  1.05501e-15  5.0524e-16
7140  1.08391e-15  5.05497e-16
7170  1.06993e-15  5.06567e-16
7200  1.0475e-15   5.10675e-16
7230  1.05389e-15  5.08701e-16
7260  1.08483e-15  4.95189e-16
7290  1.11331e-15  4.77346e-16
7320  1.12712e-15  4.65561e-16
7350  1.12695e-15  4.69529e-16
7380  1.11988e-15  4.645e-16
7410  1.1065e-15   4.57617e-16
7440  1.52055e-15  3.33253e-18
7470  1.49194e-15  3.34104e-18
7500  1.4946e-15   3.25565e-18
7530  1.50159e-15  3.13506e-18
7560  1.5032e-15   3.09591e-18
7590  1.51032e-15  3.1201e-18
7620  1.5249e-15   3.17923e-18
7650  1.52906e-15  3.22258e-18
7680  1.50627e-15  3.20964e-18
7710  1.46068e-15  3.14622e-18
7740  1.41528e-15  3.08916e-18
7770  1.39414e-15  3.06203e-18
7800  1.4007e-15   3.05724e-18
7830  1.41095e-15  3.06563e-18
7860  1.39512e-15  3.07103e-18
7890  1.3473e-15   3.03309e-18
7920  1.28416e-15  2.87753e-18
7950  1.2172e-15   2.66223e-18
7980  1.14717e-15  2.50608e-18
8010  1.0839e-15   2.42403e-18
8040  1.03681e-15  2.33056e-18
8070  9.7878e-16   2.14575e-18
8100  8.58206e-16  1.85266e-18
8130  6.67835e-16  1.44843e-18
8160  4.75626e-16  1.0358e-18
8190  3.65402e-16  7.86667e-19
8220  3.58045e-16  7.81136e-19
8250  4.02145e-16  9.10387e-19
8280  4.32312e-16  9.89289e-19
8310  4.35363e-16  9.9029e-19
8340  4.72239e-16  1.09907e-18
8370  6.24318e-16  1.44996e-18
8400  8.97227e-16  1.9538e-18
8430  1.19674e-15  2.51096e-18
8460  1.42383e-15  2.99406e-18
8490  1.56536e-15  3.35035e-18
8520  1.66832e-15  3.58439e-18
8550  1.76214e-15  3.75559e-18
8580  1.83792e-15  4.01327e-18
8610  1.89385e-15  5.70836e-17
8640  1.95366e-15  1.51697e-16
8670  1.9901e-15   2.32711e-16
8700  2.01368e-15  3.00258e-16