#0.3878806202901526
3420  1.29038e-14  4.98835e-15
3450  1.33341e-14  5.07546e-15
3480  2.66219e-14  1.23823e-14
3510  3.34367e-14  1.62122e-14
3540  3.87339e-14  1.95032e-14
3570  3.94696e-14  2.01588e-14
3600  3.8511e-14   1.9544e-14
3630  3.90545e-14  2.05131e-14
3660  3.84678e-14  2.13958e-14
3690  3.28687e-14  1.90837e-14
3720  2.44638e-14  1.41019e-14
3750  1.88631e-14  1.00962e-14
3780  1.83092e-14  8.88698e-15
3810  2.23739e-14  1.06927e-14
3840  3.14036e-14  1.53058e-14
3870  4.49571e-14  2.25707e-14
3900  5.75694e-14  2.95898e-14
3930  6.13036e-14  3.18786e-14
3960  5.47565e-14  2.84565e-14
3990  4.64538e-14  2.35362e-14
4020  4.53446e-14  2.26898e-14
4050  5.08874e-14  2.54578e-14
4080  5.54362e-14  2.7989e-14
4110  5.48917e-14  2.81466e-14
4140  5.18106e-14  2.70854e-14
4170  4.94104e-14  2.62537e-14
4200  4.7229e-14   2.53326e-14
4230  4.32849e-14  2.33827e-14
4260  3.76573e-14  2.04402e-14
4290  3.27338e-14  1.75279e-14
4320  3.05994e-14  1.57188e-14
4350  3.07811e-14  1.52836e-14
4380  3.12532e-14  1.55796e-14
4410  3.16369e-14  1.61122e-14
4440  3.38508e-14  1.74041e-14
4470  3.88069e-14  2.00392e-14
4500  4.41779e-14  2.31622e-14
4530  4.69779e-14  2.50676e-14
4560  4.68575e-14  2.51965e-14
4590  4.51205e-14  2.42484e-14
4620  4.21376e-14  2.26223e-14
4650  3.77229e-14  2.02022e-14
4680  3.28909e-14  1.74074e-14
4710  2.95663e-14  1.53608e-14
4740  2.85504e-14  1.46644e-14
4770  2.82263e-14  1.44848e-14
4800  2.62426e-14  1.35299e-14
4830  2.30088e-14  1.19499e-14
4860  2.16706e-14  1.13329e-14
4890  2.34493e-14  1.23153e-14
4920  2.50033e-14  1.3253e-14
4950  2.39686e-14  1.28256e-14
4980  2.24838e-14  1.17727e-14
5010  2.25758e-14  1.15625e-14
5040  2.47922e-14  1.26383e-14
5070  2.75435e-14  1.42373e-14
5100  2.93863e-14  1.55444e-14
5130  3.03161e-14  1.62873e-14
5160  3.10041e-14  1.66688e-14
5190  3.10871e-14  1.67566e-14
5220  2.90619e-14  1.59488e-14
5250  2.47099e-14  1.384e-14
5280  2.05488e-14  1.15507e-14
5310  1.93813e-14  1.04422e-14
5340  2.10678e-14  1.10747e-14
5370  2.27463e-14  1.21477e-14
5400  2.19518e-14  1.20822e-14
5430  1.90776e-14  1.06117e-14
5460  1.69871e-14  9.1017e-15
5490  1.80977e-14  9.19891e-15
5520  2.17386e-14  1.10452e-14
5550  2.49549e-14  1.31293e-14
5580  2.5928e-14   1.39914e-14
5610  2.5522e-14   1.37186e-14
5640  2.52336e-14  1.32829e-14
5670  2.49904e-14  1.30071e-14
5700  2.38277e-14  1.24616e-14
5730  2.18699e-14  1.15262e-14
5760  2.04849e-14  1.07812e-14
5790  2.05836e-14  1.06344e-14
5820  2.1585e-14   1.11478e-14
5850  2.2417e-14   1.16149e-14
5880  2.26216e-14  1.17144e-14
5910  2.24007e-14  1.15279e-14
5940  2.22112e-14  1.13375e-14
5970  2.23881e-14  1.14016e-14
6000  2.23179e-14  1.14815e-14
6030  2.02826e-14  1.06346e-14
6060  1.55069e-14  8.26652e-15
6090  1.0025e-14   5.31207e-15
6120  6.9639e-15   3.47897e-15
6150  7.37389e-15  3.45977e-15
6180  1.00051e-14  4.66923e-15
6210  1.33706e-14  6.35163e-15
6240  1.66545e-14  8.07412e-15
6270  1.92283e-14  9.46287e-15
6300  2.06026e-14  1.02113e-14
6330  2.08676e-14  1.03561e-14
6360  2.05312e-14  1.01824e-14
6390  1.99193e-14  9.87887e-15
6420  1.9078e-14   9.47098e-15
6450  1.81173e-14  8.99813e-15
6480  1.72677e-14  8.55791e-15
6510  1.66219e-14  8.19991e-15
6540  1.60586e-14  7.88752e-15
6570  1.54268e-14  7.55544e-15
6600  1.47169e-14  7.17646e-15
6630  1.40509e-14  6.79471e-15
6660  1.35139e-14  6.47481e-15
6690  1.30133e-14  6.19579e-15
6720  1.24011e-14  5.87122e-15
6750  1.1743e-14   5.51473e-15
6780  1.12948e-14  5.26913e-15
6810  1.11441e-14  5.19594e-15
6840  1.10625e-14  5.16063e-15
6870  1.08206e-14  5.02293e-15
6900  1.04818e-14  4.82739e-15
6930  1.02493e-14  4.70165e-15
6960  1.01562e-14  4.66044e-15
6990  1.00666e-14  4.62045e-15
7020  9.91053e-15  4.54623e-15
7050  9.75907e-15  4.4774e-15
7080  9.68154e-15  4.43858e-15
7110  9.64435e-15  4.40224e-15
7140  9.56805e-15  4.34004e-15
7170  9.41721e-15  4.25772e-15
7200  9.21287e-15  4.17113e-15
7230  8.9972e-15   4.08987e-15
7260  8.80635e-15  4.03284e-15
7290  8.65449e-15  4.01838e-15
7320  8.53913e-15  4.03389e-15
7350  8.46146e-15  4.052e-15
7380  5.37385e-15  5.06462e-16
7410  4.73773e-15  3.06256e-16
7440  4.16512e-15  2.70991e-16
7470  3.73247e-15  2.5784e-16
7500  3.71009e-15  2.65826e-16
7530  4.0056e-15   2.72656e-16
7560  4.35486e-15  2.88142e-16
7590  4.61197e-15  3.31326e-16
7620  4.77332e-15  3.76346e-16
7650  5.28718e-15  6.88122e-16
7680  4.90242e-15  3.15165e-16
7710  5.00029e-15  2.95677e-16
7740  5.18852e-15  3.26947e-16
7770  5.38362e-15  3.53e-16
7800  5.49237e-15  3.35399e-16
7830  5.52832e-15  3.05089e-16
7860  5.50294e-15  2.84384e-16
7890  5.39782e-15  2.64689e-16
7920  5.22899e-15  2.519e-16
7950  5.03848e-15  2.6266e-16
7980  4.82344e-15  2.78141e-16
8010  4.57616e-15  2.61411e-16
8040  4.35861e-15  2.25609e-16
8070  4.18538e-15  2.21452e-16
8100  3.90598e-15  2.50095e-16
8130  3.39216e-15  2.57831e-16
8160  2.7731e-15   2.17837e-16
8190  2.33243e-15  1.71895e-16
8220  2.19205e-15  1.67015e-16
8250  2.23806e-15  1.96757e-16
8280  2.32962e-15  2.10229e-16
8310  2.47172e-15  1.90939e-16
8340  2.7759e-15   1.8936e-16
8370  3.33509e-15  2.4595e-16
8400  4.03802e-15  3.04131e-16
8430  4.68671e-15  3.04325e-16
8460  5.2312e-15   3.04052e-16
8490  5.60052e-15  3.17803e-16
8520  5.80645e-15  3.33841e-16
8550  5.89917e-15  3.29727e-16
8580  5.91551e-15  2.99021e-16
8610  5.88203e-15  2.74781e-16
8640  5.8165e-15   2.77902e-16
8670  5.71643e-15  3.06035e-16
8700  5.58568e-15  3.47042e-16
8730  5.45514e-15  3.69639e-16
8760  5.30916e-15  3.92973e-16
8790  5.0271e-15   4.35717e-16
8820  4.54541e-15  4.84618e-16
8850  4.02472e-15  5.14805e-16
8880  3.70093e-15  5.25729e-16
8910  3.62518e-15  5.30068e-16
8940  3.66044e-15  5.34591e-16
8970  3.67785e-15  5.35524e-16
9000  3.64852e-15  5.287e-16