#7.857569126717181
3390  5.84368e-14  2.71183e-14
3420  6.05017e-14  2.67277e-14
3450  6.60791e-14  2.63092e-14
3480  7.68652e-14  2.66428e-14
3510  9.33599e-14  2.82203e-14
3540  1.10223e-13  2.9215e-14
3570  1.16449e-13  2.67876e-14
3600  1.04898e-13  2.08859e-14
3630  8.19548e-14  1.40559e-14
3660  6.01053e-14  9.77904e-15
3690  4.92728e-14  8.94991e-15
3720  5.22633e-14  1.08954e-14
3750  5.84946e-14  1.31399e-14
3780  6.38366e-14  1.39298e-14
3810  7.54304e-14  1.48469e-14
3840  9.81518e-14  1.73205e-14
3870  1.21995e-13  1.98664e-14
3900  1.31095e-13  1.9914e-14
3930  1.21842e-13  1.75738e-14
3960  1.07434e-13  1.55338e-14
3990  1.03778e-13  1.59029e-14
4020  1.11261e-13  1.75458e-14
4050  1.15909e-13  1.74526e-14
4080  1.09826e-13  1.46808e-14
4110  1.00199e-13  1.12063e-14
4140  9.5176e-14   9.18883e-15
4170  9.25549e-14  8.37806e-15
4200  8.65147e-14  7.36946e-15
4230  7.74899e-14  6.06477e-15
4260  6.97545e-14  5.2988e-15
4290  6.42022e-14  5.4411e-15
4320  5.91335e-14  5.78055e-15
4350  5.58666e-14  5.80199e-15
4380  5.8599e-14   6.06338e-15
4410  6.79883e-14  6.46126e-15
4440  7.9518e-14   6.37098e-15
4470  8.89118e-14  5.89263e-15
4500  9.52322e-14  5.21882e-15
4530  9.76178e-14  4.52301e-15
4560  9.44135e-14  4.09164e-15
4590  8.71967e-14  3.92324e-15
4620  7.99628e-14  3.74461e-15
4650  7.31454e-14  3.34182e-15
4680  6.45124e-14  2.85821e-15
4710  5.57222e-14  2.54671e-15
4740  5.09243e-14  2.35052e-15
4770  4.86156e-14  2.11786e-15
4800  4.49862e-14  1.86956e-15
4830  4.36647e-14  1.74035e-15
4860  4.94012e-14  1.72555e-15
4890  5.56331e-14  1.68511e-15
4920  5.18313e-14  1.63119e-15
4950  4.02125e-14  1.48171e-15
4980  3.30767e-14  1.27764e-15
5010  3.57669e-14  1.19952e-15
5040  4.23922e-14  1.39902e-15
5070  4.7816e-14   1.68279e-15
5100  5.40152e-14  1.69463e-15
5130  6.30015e-14  1.65671e-15
5160  7.04561e-14  1.71189e-15
5190  7.07695e-14  1.80263e-15
5220  6.5035e-14   1.66459e-15
5250  5.9435e-14   1.4228e-15
5280  5.72812e-14  1.4466e-15
5310  5.63822e-14  1.51999e-15
5340  5.3702e-14   1.59757e-15
5370  4.96155e-14  1.586e-15
5400  4.69657e-14  1.41582e-15
5430  4.76029e-14  1.35342e-15
5460  5.04753e-14  1.38712e-15
5490  5.28756e-14  1.43381e-15
5520  5.30222e-14  1.78633e-15
5550  5.1314e-14   2.12797e-15
5580  4.91344e-14  2.00677e-15
5610  4.75371e-14  1.63949e-15
5640  4.6432e-14   1.34335e-15
5670  4.512e-14    1.34551e-15
5700  4.38662e-14  1.45924e-15
5730  4.41813e-14  1.44109e-15
5760  4.66892e-14  1.38765e-15
5790  4.9879e-14   1.38692e-15
5820  5.19198e-14  1.38026e-15
5850  5.262e-14    1.3638e-15
5880  5.22858e-14  1.42923e-15
5910  5.05252e-14  1.52521e-15
5940  4.79403e-14  1.55248e-15
5970  4.62952e-14  1.47054e-15
6000  4.45141e-14  1.37048e-15
6030  3.80196e-14  1.25771e-15
6060  2.63752e-14  9.89863e-16
6090  1.77747e-14  5.9883e-16
6120  2.00221e-14  4.87717e-16
6150  2.99202e-14  6.48016e-16
6180  3.80165e-14  8.1052e-16
6210  4.03088e-14  9.07379e-16
6240  3.97956e-14  9.45983e-16
6270  3.93397e-14  1.01954e-15
6300  3.87045e-14  1.10459e-15
6330  3.73931e-14  1.12613e-15
6360  3.61034e-14  1.08539e-15
6390  3.52899e-14  1.04231e-15
6420  3.45281e-14  1.01847e-15
6450  3.34426e-14  9.83209e-16
6480  3.2167e-14   9.26972e-16
6510  3.08971e-14  8.78426e-16
6540  2.96298e-14  8.44027e-16
6570  2.83687e-14  8.03438e-16
6600  2.71974e-14  7.59075e-16
6630  2.60855e-14  7.20556e-16
6660  2.48848e-14  6.76136e-16
6690  2.36397e-14  6.24377e-16
6720  2.26803e-14  5.69895e-16
6750  2.2199e-14   5.12851e-16
6780  2.19129e-14  4.7086e-16
6810  2.14114e-14  4.42902e-16
6840  2.0658e-14   4.75591e-16
6870  1.99486e-14  5.26002e-16
6900  1.93334e-14  5.51992e-16
6930  1.86294e-14  5.48435e-16
6960  1.78477e-14  5.26569e-16
6990  1.71982e-14  5.3176e-16
7020  1.67566e-14  5.57031e-16
7050  1.63551e-14  5.51937e-16
7080  1.58375e-14  5.12206e-16
7110  1.52785e-14  4.76738e-16
7140  1.49116e-14  4.57519e-16
7170  1.48668e-14  4.67466e-16
7200  1.50474e-14  4.64723e-16
7230  1.53372e-14  3.30615e-16
7260  1.51833e-14  3.13676e-16
7290  1.47729e-14  3.06236e-16
7320  1.42547e-14  3.07703e-16
7350  1.36255e-14  3.15319e-16
7380  1.27311e-14  3.13058e-16
7410  1.16765e-14  3.05929e-16
7440  1.09687e-14  3.02635e-16
7470  1.08623e-14  3.1576e-16
7500  1.08672e-14  3.04986e-16
7530  1.03526e-14  3.01129e-16
7560  9.45157e-15  5.10854e-16
7590  9.10536e-15  5.60978e-16
7620  9.38381e-15  3.92304e-16
7650  9.8289e-15   3.07129e-16
7680  9.99453e-15  3.49747e-16
7710  1.0057e-14   3.27312e-16
7740  1.0235e-14   3.04884e-16
7770  1.04871e-14  3.22414e-16
7800  1.07552e-14  3.07794e-16
7830  1.09688e-14  3.04429e-16
7860  1.11298e-14  3.27049e-16
7890  1.11311e-14  3.65226e-16
7920  1.08879e-14  3.72802e-16
7950  1.05025e-14  3.40751e-16
7980  1.01276e-14  3.14892e-16
8010  9.73583e-15  3.41901e-16
8040  9.24262e-15  4.04401e-16
8070  8.69659e-15  4.56833e-16
8100  8.00023e-15  4.58421e-16
8130  6.81668e-15  3.87652e-16
8160  5.40674e-15  2.98983e-16
8190  4.99434e-15  2.69372e-16
8220  6.19735e-15  3.18588e-16
8250  7.73126e-15  3.67802e-16
8280  8.10079e-15  3.47091e-16
8310  7.9935e-15   3.05498e-16
8340  9.12638e-15  3.55649e-16
8370  1.14248e-14  4.99579e-16
8400  1.32888e-14  6.25329e-16
8430  1.40202e-14  6.53128e-16
8460  1.43085e-14  6.32804e-16
8490  1.47477e-14  6.42696e-16
8520  1.52036e-14  6.96172e-16
8550  1.54638e-14  7.4856e-16
8580  1.55916e-14  7.74154e-16
8610  1.56669e-14  7.89074e-16
8640  1.57157e-14  8.11558e-16
8670  1.5841e-14   8.3952e-16
8700  1.60442e-14  8.57969e-16
8730  1.60184e-14  8.58735e-16
8760  1.54845e-14  8.48792e-16
8790  1.4637e-14   8.41948e-16
8820  1.38623e-14  8.33614e-16
8850  1.30972e-14  7.9915e-16
8880  1.19608e-14  7.29711e-16
8910  1.05391e-14  6.59323e-16
8940  9.45222e-15  6.19566e-16
8970  9.01205e-15  6.06722e-16
9000  8.93839e-15  6.0473e-16