#9.68712544085302
3420  7.16971e-16  5.2097e-17
3450  8.31064e-16  1.30677e-16
3480  9.52349e-16  2.30025e-16
3510  1.28695e-15  2.88434e-16
3540  1.7299e-15   3.40999e-16
3570  2.0419e-15   3.8959e-16
3600  2.19845e-15  3.99621e-16
3630  2.32489e-15  3.86276e-16
3660  2.3865e-15   3.56744e-16
3690  2.16037e-15  2.92504e-16
3720  1.44763e-15  4.98533e-16
3750  1.11231e-15  3.72437e-16
3780  1.06986e-15  4.19172e-16
3810  1.25474e-15  5.0098e-16
3840  1.56363e-15  5.49718e-16
3870  2.00607e-15  6.18028e-16
3900  2.48258e-15  7.31723e-16
3930  2.74492e-15  8.14789e-16
3960  2.64793e-15  7.99569e-16
3990  2.31456e-15  7.25763e-16
4020  2.0577e-15   6.86472e-16
4050  2.11128e-15  7.2673e-16
4080  2.36881e-15  8.0223e-16
4110  2.51105e-15  8.28853e-16
4140  2.43309e-15  7.86984e-16
4170  2.32884e-15  7.32708e-16
4200  2.3178e-15   6.97556e-16
4230  2.2592e-15   6.45787e-16
4260  2.01565e-15  5.50455e-16
4290  1.67663e-15  4.49311e-16
4320  1.43088e-15  4.04767e-16
4350  1.34393e-15  4.31411e-16
4380  1.34914e-15  4.81798e-16
4410  1.39658e-15  5.06875e-16
4440  1.52607e-15  5.22464e-16
4470  1.77381e-15  5.77728e-16
4500  2.05833e-15  6.56416e-16
4530  2.24929e-15  6.89783e-16
4560  2.32905e-15  6.71056e-16
4590  2.36817e-15  6.55138e-16
4620  2.35138e-15  6.50323e-16
4650  2.17812e-15  6.07193e-16
4680  1.85406e-15  5.12704e-16
4710  1.53097e-15  4.22482e-16
4740  1.32704e-15  3.80213e-16
4770  1.24933e-15  3.79997e-16
4800  1.27306e-15  4.0128e-16
4830  1.3363e-15   4.14047e-16
4860  1.32853e-15  3.89154e-16
4890  1.2315e-15   3.41167e-16
4920  1.15743e-15  3.1823e-16
4950  1.1647e-15   3.26364e-16
4980  1.17567e-15  3.29236e-16
5010  1.13779e-15  3.19034e-16
5040  1.13487e-15  3.26605e-16
5070  1.26045e-15  3.73139e-16
5100  1.46919e-15  4.36471e-16
5130  1.62351e-15  4.71767e-16
5160  1.67092e-15  4.6429e-16
5190  1.69873e-15  4.48933e-16
5220  1.76478e-15  4.53741e-16
5250  1.77095e-15  4.5257e-16
5280  1.61362e-15  4.10725e-16
5310  1.37605e-15  3.48298e-16
5340  1.23869e-15  3.13878e-16
5370  1.25407e-15  3.21311e-16
5400  1.31313e-15  3.44893e-16
5430  1.2843e-15   3.46788e-16
5460  1.14986e-15  3.24823e-16
5490  1.02853e-15  3.073e-16
5520  1.04789e-15  3.12177e-16
5550  1.19417e-15  3.41285e-16
5580  1.33554e-15  3.76161e-16
5610  1.37279e-15  3.92231e-16
5640  1.31343e-15  3.80953e-16
5670  1.2294e-15   3.54267e-16
5700  1.18749e-15  3.36604e-16
5730  1.19227e-15  3.38947e-16
5760  1.18886e-15  3.42411e-16
5790  1.15583e-15  3.28582e-16
5820  1.15463e-15  3.15656e-16
5850  1.22629e-15  3.24959e-16
5880  1.30432e-15  3.4358e-16
5910  1.30506e-15  3.45417e-16
5940  1.24096e-15  3.29008e-16
5970  1.18013e-15  3.12897e-16
6000  1.14583e-15  3.03562e-16
6030  1.11595e-15  2.92914e-16
6060  1.07159e-15  2.76571e-16
6090  9.89946e-16  2.54784e-16
6120  8.42996e-16  2.25325e-16
6150  6.59701e-16  1.9069e-16
6180  5.4301e-16   1.65907e-16
6210  5.71459e-16  1.67312e-16
6240  7.0547e-16   1.93409e-16
6270  8.35733e-16  2.22946e-16
6300  8.97281e-16  2.36645e-16
6330  9.02496e-16  2.35933e-16
6360  8.88563e-16  2.34046e-16
6390  8.71014e-16  2.35123e-16
6420  8.47893e-16  2.33519e-16
6450  8.20408e-16  2.29831e-16
6480  7.95668e-16  2.29346e-16
6510  7.75082e-16  2.25129e-16
6540  7.49545e-16  2.06385e-16
6570  7.11414e-16  1.90636e-16
6600  6.73446e-16  1.81881e-16
6630  6.4823e-16   1.81286e-16
6660  6.27988e-16  1.8621e-16
6690  6.01052e-16  1.70439e-16
6720  5.69327e-16  1.5037e-16
6750  5.44712e-16  1.4259e-16
6780  5.27231e-16  1.42946e-16
6810  5.10447e-16  1.40942e-16
6840  4.96715e-16  1.33616e-16
6870  4.86919e-16  1.28841e-16
6900  4.73693e-16  1.28829e-16
6930  4.55287e-16  1.29566e-16
6960  4.39821e-16  1.28636e-16
6990  4.3108e-16   1.27076e-16
7020  4.23799e-16  1.26297e-16
7050  4.15213e-16  1.25902e-16
7080  4.08599e-16  1.25183e-16
7110  4.0539e-16   1.24553e-16
7140  4.03446e-16  1.26959e-16
7170  4.08927e-16  1.28423e-16
7200  4.09404e-16  1.27621e-16
7230  4.10016e-16  1.27272e-16
7260  1.4558e-16   1.03122e-17
7290  1.31102e-16  1.06268e-17
7320  1.15541e-16  1.10951e-17
7350  1.05175e-16  1.11046e-17
7380  9.67893e-17  1.03328e-17
7410  9.0445e-17   8.83508e-18
7440  9.0294e-17   7.72187e-18
7470  9.01143e-17  7.91036e-18
7500  7.90986e-17  9.06849e-18
7530  6.11554e-17  1.03838e-17
7560  5.04339e-17  1.06312e-17
7590  5.45769e-17  1.03104e-17
7620  6.76789e-17  1.07957e-17
7650  7.70638e-17  1.24822e-17
7680  7.56269e-17  1.4633e-17
7710  6.82045e-17  1.58445e-17
7740  6.82667e-17  1.53388e-17
7770  8.36086e-17  1.41237e-17
7800  1.01894e-16  1.35247e-17
7830  1.03839e-16  1.35049e-17
7860  9.23164e-17  1.38444e-17
7890  8.64295e-17  1.35216e-17
7920  9.0086e-17   1.22805e-17
7950  8.68197e-17  1.14015e-17
7980  7.03664e-17  1.15455e-17
8010  5.74326e-17  1.17261e-17
8040  5.75234e-17  1.06031e-17
8070  5.69031e-17  9.17988e-18
8100  4.25565e-17  9.34646e-18
8130  2.63647e-17  1.14236e-17
8160  2.55117e-17  1.38696e-17
8190  3.49482e-17  1.54453e-17
8220  3.70375e-17  1.6287e-17
8250  3.02449e-17  1.5593e-17
8280  3.27958e-17  1.22795e-17
8310  5.30275e-17  8.86842e-18
8340  6.95012e-17  9.52606e-18
8370  6.17859e-17  1.3177e-17
8400  4.70321e-17  1.53425e-17
8430  5.15056e-17  1.40759e-17
8460  7.56513e-17  1.24092e-17
8490  9.75495e-17  1.28632e-17
8520  1.03197e-16  1.49157e-17
8550  9.68904e-17  1.77023e-17
8580  8.86603e-17  1.98943e-17
8610  8.62016e-17  1.92186e-17
8640  9.05556e-17  1.64276e-17
8670  9.17944e-17  1.56058e-17
8700  8.0365e-17   1.86654e-17
8730  6.27857e-17  2.256e-17
8760  5.20508e-17  2.30902e-17
8790  5.38461e-17  1.9735e-17
8820  6.32781e-17  1.59295e-17
8850  6.7615e-17   1.50703e-17
8880  5.92672e-17  1.76518e-17
8910  4.57315e-17  2.13984e-17
8940  3.71861e-17  2.37254e-17
8970  3.46924e-17  2.43887e-17
9000  3.4444e-17   2.44482e-17