#-5.971031063290484
3450  8.82689e-15  5.34521e-16
3480  8.41159e-15  6.74913e-16
3510  7.8992e-15   7.48929e-16
3540  7.75628e-15  7.81186e-16
3570  7.83847e-15  8.35615e-16
3600  7.40242e-15  8.89851e-16
3630  6.10538e-15  8.657e-16
3660  4.56765e-15  7.11655e-16
3690  3.77119e-15  4.89857e-16
3720  3.97587e-15  3.44841e-16
3750  3.82456e-15  8.0957e-16
3780  3.86748e-15  9.4856e-16
3810  4.10641e-15  9.81873e-16
3840  4.88615e-15  1.12953e-15
3870  6.09942e-15  1.47026e-15
3900  7.10846e-15  1.7807e-15
3930  7.23368e-15  1.80648e-15
3960  6.53426e-15  1.49164e-15
3990  5.87476e-15  1.2908e-15
4020  5.9885e-15   1.29179e-15
4050  6.57782e-15  1.4378e-15
4080  6.84882e-15  1.54018e-15
4110  6.55342e-15  1.51172e-15
4140  6.06766e-15  1.42573e-15
4170  5.69921e-15  1.3697e-15
4200  5.37084e-15  1.32067e-15
4230  4.91188e-15  1.20962e-15
4260  4.39561e-15  1.0489e-15
4290  4.1135e-15   9.42201e-16
4320  4.19243e-15  9.49058e-16
4350  4.36545e-15  9.95026e-16
4380  4.34685e-15  9.87393e-16
4410  4.26937e-15  9.56448e-16
4440  4.40522e-15  1.00031e-15
4470  4.6626e-15   1.11021e-15
4500  4.75978e-15  1.17844e-15
4530  4.68021e-15  1.16379e-15
4560  4.58977e-15  1.12565e-15
4590  4.48835e-15  1.10126e-15
4620  4.26974e-15  1.05946e-15
4650  3.97335e-15  9.85799e-16
4680  3.74104e-15  9.10541e-16
4710  3.65414e-15  8.62072e-16
4740  3.68162e-15  8.44988e-16
4770  3.64468e-15  8.33653e-16
4800  3.34001e-15  7.79573e-16
4830  2.86431e-15  6.78765e-16
4860  2.59489e-15  6.06559e-16
4890  2.698e-15    6.23693e-16
4920  2.91781e-15  6.8343e-16
4950  2.97452e-15  7.03969e-16
4980  2.92241e-15  6.7943e-16
5010  2.98111e-15  6.73868e-16
5040  3.17734e-15  7.24656e-16
5070  3.32337e-15  7.95876e-16
5100  3.31505e-15  8.26969e-16
5130  3.26562e-15  8.07064e-16
5160  3.25503e-15  7.81817e-16
5190  3.13746e-15  7.6972e-16
5220  2.79721e-15  7.33758e-16
5250  2.41417e-15  6.45699e-16
5280  2.27657e-15  5.7615e-16
5310  2.38929e-15  5.80036e-16
5340  2.50548e-15  6.19069e-16
5370  2.42408e-15  6.30338e-16
5400  2.19464e-15  5.92213e-16
5430  2.0513e-15   5.41354e-16
5460  2.14227e-15  5.36025e-16
5490  2.35997e-15  5.84299e-16
5520  2.5047e-15   6.49232e-16
5550  2.53347e-15  6.96082e-16
5580  2.54868e-15  7.07591e-16
5610  2.60678e-15  6.98789e-16
5640  2.64564e-15  6.92093e-16
5670  2.58386e-15  6.82913e-16
5700  2.42924e-15  6.51288e-16
5730  2.28121e-15  5.79819e-16
5760  2.21008e-15  5.46943e-16
5790  2.2173e-15   5.4788e-16
5820  2.2573e-15   5.70563e-16
5850  2.30602e-15  5.96567e-16
5880  2.34673e-15  6.15568e-16
5910  2.34735e-15  6.20441e-16
5940  2.29967e-15  6.13484e-16
5970  2.23665e-15  6.05798e-16
6000  2.15385e-15  5.93883e-16
6030  1.9665e-15   5.4663e-16
6060  1.63389e-15  4.4426e-16
6090  1.28899e-15  3.24092e-16
6120  1.13733e-15  2.5491e-16
6150  1.23463e-15  2.64367e-16
6180  1.46777e-15  3.25569e-16
6210  1.70987e-15  3.97716e-16
6240  1.89297e-15  4.54664e-16
6270  1.98201e-15  4.87275e-16
6300  1.9816e-15   5.00576e-16
6330  1.95626e-15  5.07983e-16
6360  1.96517e-15  5.15878e-16
6390  1.99521e-15  5.15968e-16
6420  2.00148e-15  5.00878e-16
6450  1.97427e-15  4.8059e-16
6480  1.93382e-15  4.69103e-16
6510  1.89431e-15  4.63064e-16
6540  1.85548e-15  4.49348e-16
6570  1.81351e-15  4.27656e-16
6600  1.76982e-15  4.10507e-16
6630  1.72943e-15  4.02744e-16
6660  1.6889e-15   3.96766e-16
6690  1.63728e-15  3.86278e-16
6720  1.57716e-15  3.73299e-16
6750  1.52681e-15  3.6125e-16
6780  1.49302e-15  3.51195e-16
6810  1.46386e-15  3.43858e-16
6840  1.43224e-15  3.39691e-16
6870  1.40231e-15  3.35957e-16
6900  1.37176e-15  3.29059e-16
6930  1.3336e-15   3.19846e-16
6960  1.29592e-15  3.13157e-16
6990  1.27444e-15  3.11906e-16
7020  1.26884e-15  3.14872e-16
7050  1.26842e-15  3.19373e-16
7080  1.27053e-15  3.23154e-16
7110  1.27372e-15  3.23907e-16
7140  1.26626e-15  3.21321e-16
7170  1.24167e-15  3.18788e-16
7200  1.21452e-15  3.19354e-16
7230  1.20131e-15  3.21266e-16
7260  1.19604e-15  3.24424e-16
7290  1.18927e-15  3.38595e-16
7320  8.40046e-16  1.32477e-16
7350  8.25047e-16  1.25804e-16
7380  8.28347e-16  1.20085e-16
7410  8.06252e-16  1.15422e-16
7440  7.39766e-16  1.05314e-16
7470  6.67029e-16  9.25011e-17
7500  6.44019e-16  8.89296e-17
7530  6.76194e-16  9.77401e-17
7560  7.22469e-16  1.07076e-16
7590  7.56123e-16  1.08024e-16
7620  7.76218e-16  1.09183e-16
7650  7.91195e-16  1.17499e-16
7680  8.09157e-16  1.20789e-16
7710  8.31545e-16  1.08277e-16
7740  8.47077e-16  9.39796e-17
7770  8.42201e-16  1.00338e-16
7800  8.15598e-16  1.23269e-16
7830  7.79395e-16  1.35975e-16
7860  7.45655e-16  1.26575e-16
7890  7.16207e-16  1.09423e-16
7920  6.89553e-16  1.01119e-16
7950  6.64622e-16  1.01347e-16
7980  6.41612e-16  1.00967e-16
8010  6.24537e-16  9.62281e-17
8040  6.17908e-16  9.20131e-17
8070  6.20705e-16  9.13421e-17
8100  6.21585e-16  9.20685e-17
8130  6.04379e-16  8.78584e-17
8160  5.67814e-16  7.53782e-17
8190  5.37069e-16  6.10755e-17
8220  5.35571e-16  5.46907e-17
8250  5.48487e-16  6.01588e-17
8280  5.45157e-16  6.99955e-17
8310  5.29838e-16  7.3876e-17
8340  5.33689e-16  7.11936e-17
8370  5.6218e-16   7.13407e-17
8400  5.89301e-16  8.06473e-17
8430  5.99511e-16  9.51653e-17
8460  6.02025e-16  1.07413e-16
8490  6.05655e-16  1.15244e-16
8520  6.04329e-16  1.22304e-16
8550  5.9157e-16   1.30414e-16
8580  5.74015e-16  1.38595e-16
8610  5.63255e-16  1.45663e-16
8640  5.59757e-16  1.51128e-16
8670  5.52975e-16  1.53456e-16
8700  5.37343e-16  1.50628e-16
8730  5.19344e-16  1.44019e-16
8760  5.039e-16    1.38965e-16
8790  4.82423e-16  1.36693e-16
8820  4.44889e-16  1.32229e-16
8850  4.01076e-16  1.23347e-16
8880  3.74872e-16  1.13521e-16
8910  3.74939e-16  1.04586e-16
8940  3.85393e-16  9.51395e-17
8970  3.8926e-16   8.74121e-17
9000  3.86463e-16  8.56796e-17