#35.70718122140586
3390  4.95998e-15  2.91561e-14
3420  4.80241e-15  2.87925e-14
3450  5.19838e-15  2.83882e-14
3480  6.57794e-15  2.87755e-14
3510  8.37238e-15  3.05288e-14
3540  9.27474e-15  3.17507e-14
3570  8.41223e-15  2.94288e-14
3600  8.58952e-15  2.31047e-14
3630  9.85079e-15  1.55794e-14
3660  1.15794e-14  1.08214e-14
3690  1.20251e-14  9.8025e-15
3720  1.03682e-14  1.19183e-14
3750  7.95761e-15  1.43775e-14
3780  6.60834e-15  1.52564e-14
3810  7.86448e-15  1.62791e-14
3840  1.13355e-14  1.9021e-14
3870  1.50593e-14  2.18537e-14
3900  1.74443e-14  2.19387e-14
3930  1.7919e-14   1.93898e-14
3960  1.64713e-14  1.71645e-14
3990  1.38476e-14  1.75958e-14
4020  1.14535e-14  1.94296e-14
4050  1.00425e-14  1.93419e-14
4080  9.36981e-15  1.62998e-14
4110  9.34335e-15  1.24805e-14
4140  9.96149e-15  1.02612e-14
4170  1.04664e-14  9.36599e-15
4200  1.04333e-14  8.24338e-15
4230  1.06665e-14  6.78896e-15
4260  1.17334e-14  5.93459e-15
4290  1.24167e-14  6.09457e-15
4320  1.11084e-14  6.47929e-15
4350  8.22846e-15  6.51963e-15
4380  5.86377e-15  6.82773e-15
4410  5.43361e-15  7.28122e-15
4440  6.60404e-15  7.17689e-15
4470  8.62536e-15  6.64836e-15
4500  1.12674e-14  5.89877e-15
4530  1.48971e-14  5.12973e-15
4560  1.88787e-14  4.65998e-15
4590  2.08981e-14  4.47385e-15
4620  1.92158e-14  4.2644e-15
4650  1.52889e-14  3.80386e-15
4680  1.19257e-14  3.25733e-15
4710  1.01384e-14  2.90712e-15
4740  9.3291e-15   2.68787e-15
4770  8.92924e-15  2.42627e-15
4800  8.57882e-15  2.14446e-15
4830  8.32121e-15  1.9958e-15
4860  9.0974e-15   1.97918e-15
4890  1.12013e-14  1.93488e-15
4920  1.27045e-14  1.87286e-15
4950  1.16146e-14  1.70349e-15
4980  8.85594e-15  1.47446e-15
5010  7.08558e-15  1.39012e-15
5040  7.15981e-15  1.62163e-15
5070  7.78377e-15  1.94447e-15
5100  7.95648e-15  1.95465e-15
5130  8.26862e-15  1.91072e-15
5160  9.5215e-15   1.97569e-15
5190  1.15964e-14  2.0797e-15
5220  1.36748e-14  1.91966e-15
5250  1.50178e-14  1.64228e-15
5280  1.56571e-14  1.66911e-15
5310  1.66232e-14  1.75479e-15
5340  1.86204e-14  1.84452e-15
5370  2.06371e-14  1.82931e-15
5400  2.09934e-14  1.63401e-15
5430  1.99799e-14  1.56309e-15
5460  1.99607e-14  1.60326e-15
5490  2.22586e-14  1.65946e-15
5520  2.53937e-14  2.06071e-15
5550  2.6775e-14   2.44461e-15
5580  2.5447e-14   2.30657e-15
5610  2.25352e-14  1.89137e-15
5640  1.95905e-14  1.55484e-15
5670  1.74252e-14  1.55681e-15
5700  1.61451e-14  1.68463e-15
5730  1.58634e-14  1.66308e-15
5760  1.6854e-14   1.60259e-15
5790  1.89045e-14  1.60261e-15
5820  2.07285e-14  1.59636e-15
5850  2.08223e-14  1.57935e-15
5880  1.91152e-14  1.65532e-15
5910  1.69567e-14  1.76424e-15
5940  1.51819e-14  1.79274e-15
5970  1.34439e-14  1.69664e-15
6000  1.16475e-14  1.57986e-15
6030  1.04584e-14  1.4474e-15
6060  1.01461e-14  1.13898e-15
6090  1.02387e-14  6.93159e-16
6120  1.04784e-14  5.66621e-16
6150  1.08771e-14  7.5198e-16
6180  1.13533e-14  9.39897e-16
6210  1.17492e-14  1.05168e-15
6240  1.1914e-14   1.09603e-15
6270  1.1615e-14   1.17971e-15
6300  1.09203e-14  1.27621e-15
6330  1.05402e-14  1.30034e-15
6360  1.11791e-14  1.25363e-15
6390  1.2811e-14   1.20429e-15
6420  1.48926e-14  1.17692e-15
6450  1.68914e-14  1.13656e-15
6480  1.83938e-14  1.07207e-15
6510  1.91013e-14  1.0161e-15
6540  1.90113e-14  9.76243e-16
6570  1.84055e-14  9.29374e-16
6600  1.74582e-14  8.78128e-16
6630  1.60177e-14  8.33381e-16
6660  1.39492e-14  7.81823e-16
6690  1.15752e-14  7.21951e-16
6720  9.56827e-15  6.59292e-16
6750  8.42938e-15  5.94112e-16
6780  8.18591e-15  5.4628e-16
6810  8.49118e-15  5.14411e-16
6840  8.80517e-15  5.51314e-16
6870  8.69813e-15  6.08164e-16
6900  8.08469e-15  6.3746e-16
6930  7.34539e-15  6.3327e-16
6960  6.91123e-15  6.08194e-16
6990  6.74654e-15  6.13633e-16
7020  6.56075e-15  6.41852e-16
7050  6.33384e-15  6.36069e-16
7080  6.2598e-15   5.91242e-16
7110  6.36662e-15  5.51046e-16
7140  6.54307e-15  5.29286e-16
7170  6.85527e-15  5.40559e-16
7200  7.53015e-15  5.37513e-16
7230  8.64927e-15  3.87432e-16
7260  9.59358e-15  3.6819e-16
7290  1.00038e-14  3.59964e-16
7320  9.80996e-15  3.61889e-16
7350  9.29327e-15  3.70695e-16
7380  8.84523e-15  3.67728e-16
7410  8.86805e-15  3.58982e-16
7440  9.56831e-15  3.55062e-16
7470  1.0553e-14   3.70665e-16
7500  1.09673e-14  3.5838e-16
7530  1.03168e-14  3.53067e-16
7560  9.14839e-15  5.87827e-16
7590  8.52446e-15  6.43834e-16
7620  8.73118e-15  4.56295e-16
7650  9.87684e-15  3.59952e-16
7680  1.11861e-14  4.09788e-16
7710  1.22225e-14  3.83636e-16
7740  1.27969e-14  3.56916e-16
7770  1.28405e-14  3.75177e-16
7800  1.24125e-14  3.57429e-16
7830  1.15348e-14  3.52872e-16
7860  1.03573e-14  3.78251e-16
7890  9.05685e-15  4.21072e-16
7920  7.83415e-15  4.28953e-16
7950  6.87244e-15  3.92301e-16
7980  6.22176e-15  3.62941e-16
8010  5.79111e-15  3.93282e-16
8040  5.47669e-15  4.633e-16
8070  5.13554e-15  5.21935e-16
8100  4.42478e-15  5.23815e-16
8130  3.06094e-15  4.44682e-16
8160  1.52142e-15  3.45004e-16
8190  1.00352e-15  3.11169e-16
8220  1.92319e-15  3.65937e-16
8250  3.06482e-15  4.21743e-16
8280  3.09905e-15  3.98974e-16
8310  2.59822e-15  3.52017e-16
8340  3.38948e-15  4.08631e-16
8370  5.80423e-15  5.71635e-16
8400  8.18978e-15  7.14169e-16
8430  9.1963e-15   7.45851e-16
8460  9.20742e-15  7.23108e-16
8490  9.23678e-15  7.34324e-16
8520  9.52475e-15  7.94324e-16
8550  9.70922e-15  8.52826e-16
8580  9.64826e-15  8.8126e-16
8610  9.56709e-15  8.9774e-16
8640  9.6939e-15   9.2263e-16
8670  1.00443e-14  9.53853e-16
8700  1.04592e-14  9.74852e-16
8730  1.07314e-14  9.7605e-16
8760  1.07936e-14  9.64611e-16
8790  1.07823e-14  9.56047e-16
8820  1.07633e-14  9.4587e-16
8850  1.04616e-14  9.06703e-16
8880  9.57158e-15  8.2809e-16
8910  8.34101e-15  7.47808e-16
8940  7.40674e-15  7.0191e-16
8970  7.03387e-15  6.86899e-16
9000  6.97054e-15  6.84556e-16